index	prediction
0	442
1	591
2	245
3	535
4	648
5	504
6	1286
7	1243
8	1234
9	211
10	917
11	952
12	887
13	52
14	421
15	379
16	177
17	379
18	472
19	524
20	4
21	611
22	4
23	524
24	971
25	163
26	4
27	307
28	165
29	489
30	31
31	667
32	190
33	489
34	489
35	165
36	165
37	165
38	91
39	165
40	489
41	881
42	165
43	31
44	1254
45	1153
46	1253
47	1250
48	1255
49	1251
50	1255
51	1251
52	1252
53	1255
54	1252
55	1101
56	1162
57	1038
58	825
59	815
60	126
61	1166
62	28
63	824
64	1069
65	1007
66	697
67	509
68	1107
69	946
70	866
71	1090
72	490
73	1075
74	580
75	654
76	1031
77	773
78	427
79	297
80	769
81	789
82	693
83	497
84	643
85	139
86	603
87	685
88	1308
89	1219
90	1305
91	1298
92	1307
93	1313
94	516
95	855
96	857
97	1125
98	1147
99	1148
100	298
101	1247
102	1205
103	1182
104	1311
105	1182
106	1232
107	487
108	1156
109	1243
110	962
111	298
112	1067
113	1389
114	1180
115	1322
116	1405
117	1388
118	1321
119	1234
120	1205
121	1078
122	1408
123	1271
124	1199
125	1132
126	1198
127	1137
128	1320
129	1175
130	1193
131	1400
132	1342
133	1285
134	1202
135	1180
136	1228
137	1334
138	1115
139	261
140	849
141	1090
142	525
143	731
144	887
145	855
146	856
147	151
148	232
149	855
150	525
151	416
152	214
153	979
154	706
155	512
156	38
157	1189
158	1022
159	864
160	785
161	1064
162	731
163	892
164	83
165	972
166	714
167	648
168	560
169	1043
170	1008
171	714
172	77
173	670
174	859
175	236
176	289
177	421
178	856
179	449
180	887
181	887
182	952
183	14
184	772
185	177
186	560
187	903
188	823
189	331
190	472
191	1081
192	1081
193	1366
194	1132
195	1400
196	1355
197	1351
198	1295
199	1055
200	1133
201	425
202	642
203	931
204	401
205	1376
206	647
207	1085
208	989
209	913
210	840
211	1316
212	1405
213	1234
214	1235
215	1281
216	1131
217	1285
218	1115
219	1279
220	1240
221	1355
222	1401
223	1374
224	241
225	695
226	1226
227	1363
228	1375
229	1084
230	1325
231	1293
232	1322
233	1408
234	1341
235	838
236	1176
237	1115
238	1242
239	1276
240	1185
241	1364
242	1326
243	1280
244	1192
245	1366
246	1291
247	1228
248	1241
249	1177
250	1078
251	1301
252	751
253	1334
254	1392
255	1227
256	1351
257	1292
258	1360
259	1275
260	1295
261	1175
262	1321
263	1388
264	287
265	1306
266	1198
267	1271
268	1202
269	1402
270	825
271	815
272	345
273	855
274	322
275	670
276	1336
277	923
278	1114
279	1195
280	1162
281	1171
282	1147
283	1286
284	1306
285	1242
286	1132
287	1320
288	287
289	1192
290	1366
291	1276
292	1405
293	1055
294	1293
295	1310
296	1074
297	1351
298	1198
299	1271
300	1280
301	1281
302	1291
303	1321
304	1228
305	1327
306	1289
307	1401
308	1364
309	1185
310	111
311	550
312	393
313	1154
314	647
315	840
316	1038
317	825
318	720
319	1069
320	824
321	297
322	486
323	866
324	28
325	580
326	139
327	371
328	289
329	114
330	887
331	618
332	491
333	555
334	627
335	550
336	1080
337	624
338	313
339	1061
340	40
341	337
342	265
343	1016
344	110
345	883
346	604
347	289
348	41
349	976
350	432
351	41
352	1069
353	824
354	840
355	647
356	1085
357	1127
358	720
359	490
360	943
361	699
362	274
363	1031
364	946
365	356
366	580
367	427
368	1107
369	693
370	1095
371	28
372	754
373	698
374	1160
375	329
376	28
377	1166
378	753
379	1090
380	486
381	879
382	341
383	685
384	158
385	326
386	866
387	1123
388	509
389	603
390	297
391	780
392	825
393	427
394	28
395	769
396	580
397	643
398	28
399	824
400	1129
401	1097
402	1110
403	1260
404	1114
405	1162
406	1038
407	825
408	815
409	866
410	693
411	580
412	753
413	603
414	1287
415	500
416	118
417	646
418	144
419	849
420	997
421	154
422	492
423	815
424	1127
425	39
426	329
427	698
428	1090
429	681
430	1048
431	1048
432	1048
433	1048
434	1075
435	1069
436	603
437	427
438	943
439	326
440	866
441	1123
442	946
443	272
444	1336
445	668
446	394
447	1304
448	1026
449	551
450	1286
451	1147
452	1148
453	755
454	1311
455	298
456	1182
457	1067
458	1232
459	1205
460	487
461	1156
462	1389
463	298
464	1243
465	1342
466	1279
467	1365
468	1199
469	1235
470	1180
471	1165
472	1364
473	1316
474	1202
475	1301
476	241
477	1228
478	751
479	1351
480	1326
481	1084
482	1363
483	1185
484	1227
485	1205
486	1293
487	1402
488	1245
489	1334
490	1392
491	1132
492	1408
493	1175
494	1322
495	1362
496	1055
497	1400
498	1321
499	1349
500	1325
501	1105
502	1115
503	1206
504	1234
505	1198
506	695
507	1280
508	1169
509	1405
510	1271
511	1131
512	1097
513	366
514	678
515	1174
516	903
517	1061
518	678
519	1174
520	541
521	522
522	525
523	624
524	916
525	5
526	525
527	670
528	1335
529	647
530	1154
531	840
532	1038
533	1095
534	698
535	769
536	1031
537	329
538	693
539	866
540	824
541	697
542	603
543	1127
544	720
545	1090
546	356
547	1107
548	274
549	297
550	28
551	685
552	643
553	1007
554	490
555	720
556	580
557	1038
558	591
559	815
560	780
561	699
562	580
563	326
564	486
565	74
566	848
567	218
568	949
569	497
570	1143
571	28
572	1090
573	693
574	693
575	28
576	1048
577	442
578	533
579	191
580	86
581	389
582	86
583	398
584	1154
585	377
586	817
587	383
588	817
589	714
590	992
591	934
592	714
593	992
594	736
595	552
596	472
597	899
598	1008
599	1040
600	977
601	28
602	1069
603	698
604	274
605	946
606	769
607	329
608	356
609	1107
610	685
611	326
612	879
613	697
614	1031
615	272
616	1127
617	1090
618	720
619	780
620	866
621	1007
622	1154
623	1085
624	603
625	427
626	1166
627	1107
628	1127
629	126
630	1123
631	697
632	580
633	490
634	799
635	693
636	272
637	274
638	28
639	1007
640	139
641	1031
642	773
643	509
644	780
645	486
646	643
647	1075
648	341
649	297
650	720
651	824
652	28
653	754
654	451
655	329
656	326
657	1371
658	1287
659	758
660	1097
661	642
662	610
663	831
664	329
665	1160
666	1057
667	28
668	693
669	186
670	955
671	339
672	764
673	49
674	1134
675	1407
676	1251
677	1144
678	1211
679	912
680	1139
681	1083
682	1317
683	1211
684	1196
685	1043
686	653
687	400
688	295
689	1296
690	903
691	829
692	997
693	154
694	421
695	491
696	952
697	1254
698	1251
699	903
700	78
701	4
702	572
703	903
704	934
705	467
706	809
707	442
708	151
709	979
710	34
711	127
712	467
713	229
714	317
715	1061
716	882
717	10
718	408
719	482
720	4
721	4
722	975
723	406
724	749
725	74
726	1061
727	722
728	295
729	979
730	151
731	1036
732	429
733	452
734	976
735	74
736	859
737	169
738	696
739	352
740	701
741	74
742	557
743	899
744	472
745	74
746	395
747	41
748	526
749	976
750	169
751	379
752	379
753	680
754	472
755	352
756	1003
757	186
758	176
759	386
760	1046
761	1048
762	807
763	1048
764	1048
765	298
766	298
767	1067
768	449
769	1086
770	377
771	825
772	580
773	631
774	1136
775	772
776	1035
777	1101
778	884
779	819
780	819
781	570
782	1016
783	498
784	809
785	289
786	576
787	2
788	111
789	485
790	888
791	270
792	576
793	53
794	883
795	114
796	69
797	446
798	194
799	722
800	934
801	1210
802	1080
803	466
804	512
805	934
806	187
807	38
808	604
809	291
810	116
811	863
812	461
813	1075
814	297
815	1136
816	1314
817	1376
818	1340
819	1284
820	199
821	1376
822	825
823	815
824	356
825	1102
826	664
827	1391
828	1102
829	1125
830	1391
831	1395
832	1125
833	1096
834	1400
835	1102
836	1317
837	1066
838	1391
839	1083
840	697
841	497
842	824
843	490
844	1107
845	1127
846	297
847	497
848	1166
849	1075
850	697
851	1057
852	943
853	139
854	654
855	1123
856	1090
857	126
858	946
859	1007
860	486
861	603
862	272
863	720
864	773
865	274
866	1069
867	28
868	699
869	693
870	580
871	326
872	1022
873	678
874	383
875	19
876	385
877	830
878	568
879	525
880	912
881	678
882	797
883	1080
884	313
885	636
886	584
887	127
888	77
889	1080
890	127
891	1038
892	955
893	28
894	16
895	580
896	1151
897	1143
898	1330
899	1090
900	1336
901	877
902	129
903	129
904	455
905	551
906	1336
907	1274
908	764
909	1081
910	1254
911	1255
912	888
913	921
914	1255
915	921
916	1256
917	1255
918	377
919	825
920	1330
921	753
922	1160
923	1090
924	643
925	28
926	799
927	1143
928	494
929	1182
930	1124
931	1196
932	755
933	1098
934	1146
935	1184
936	1247
937	962
938	1067
939	1232
940	1186
941	1315
942	1063
943	403
944	77
945	333
946	933
947	933
948	977
949	924
950	649
951	333
952	1005
953	933
954	333
955	933
956	933
957	333
958	128
959	933
960	933
961	333
962	1135
963	480
964	1326
965	1084
966	1202
967	1226
968	1165
969	425
970	1366
971	1169
972	1402
973	751
974	1278
975	1292
976	1362
977	1131
978	1388
979	1133
980	1280
981	1408
982	1295
983	1375
984	1327
985	241
986	1078
987	1325
988	1301
989	1074
990	1334
991	1392
992	1245
993	1310
994	695
995	1206
996	1235
997	1228
998	1291
999	1137
1000	1349
1001	1234
1002	1185
1003	1316
1004	1115
1005	1363
1006	1364
1007	1177
1008	1351
1009	1227
1010	1199
1011	1240
1012	1355
1013	1289
1014	287
1015	1055
1016	1275
1017	1115
1018	1279
1019	1276
1020	1405
1021	1175
1022	1241
1023	1281
1024	1336
1025	52
1026	486
1027	1107
1028	28
1029	1166
1030	28
1031	654
1032	326
1033	693
1034	685
1035	1123
1036	497
1037	780
1038	297
1039	697
1040	1127
1041	699
1042	603
1043	356
1044	643
1045	274
1046	754
1047	383
1048	478
1049	684
1050	731
1051	1016
1052	173
1053	1263
1054	1213
1055	731
1056	1016
1057	4
1058	305
1059	524
1060	163
1061	1143
1062	824
1063	1090
1064	685
1065	780
1066	626
1067	757
1068	1356
1069	1066
1070	1097
1071	1083
1072	918
1073	1229
1074	1173
1075	1118
1076	1211
1077	808
1078	1324
1079	1114
1080	1110
1081	1134
1082	1162
1083	1116
1084	1096
1085	1129
1086	1120
1087	1108
1088	843
1089	1172
1090	581
1091	1161
1092	1144
1093	1031
1094	693
1095	1123
1096	824
1097	685
1098	126
1099	326
1100	754
1101	28
1102	486
1103	1007
1104	28
1105	1127
1106	297
1107	490
1108	1069
1109	509
1110	780
1111	1107
1112	497
1113	1166
1114	1090
1115	139
1116	946
1117	1095
1118	1336
1119	815
1120	1154
1121	1038
1122	28
1123	603
1124	28
1125	693
1126	769
1127	799
1128	486
1129	1090
1130	720
1131	326
1132	1031
1133	490
1134	866
1135	356
1136	698
1137	1330
1138	1166
1139	581
1140	1087
1141	1138
1142	290
1143	879
1144	1085
1145	840
1146	647
1147	126
1148	946
1149	329
1150	1069
1151	1166
1152	28
1153	773
1154	1127
1155	780
1156	643
1157	654
1158	580
1159	490
1160	274
1161	1107
1162	326
1163	994
1164	720
1165	685
1166	427
1167	28
1168	1007
1169	486
1170	139
1171	272
1172	1090
1173	1123
1174	1048
1175	348
1176	645
1177	908
1178	908
1179	645
1180	551
1181	348
1182	1097
1183	679
1184	989
1185	647
1186	913
1187	1330
1188	509
1189	274
1190	693
1191	314
1192	726
1193	211
1194	611
1195	362
1196	433
1197	214
1198	505
1199	4
1200	135
1201	295
1202	98
1203	572
1204	93
1205	174
1206	524
1207	431
1208	240
1209	1317
1210	1348
1211	1211
1212	1173
1213	975
1214	1265
1215	1197
1216	1258
1217	1359
1218	1371
1219	431
1220	715
1221	119
1222	934
1223	883
1224	1025
1225	977
1226	1336
1227	347
1228	336
1229	496
1230	653
1231	282
1232	726
1233	515
1234	459
1235	986
1236	459
1237	727
1238	15
1239	484
1240	81
1241	552
1242	484
1243	734
1244	337
1245	504
1246	920
1247	930
1248	560
1249	1125
1250	840
1251	1085
1252	1154
1253	430
1254	671
1255	480
1256	430
1257	480
1258	966
1259	694
1260	282
1261	1021
1262	966
1263	633
1264	694
1265	16
1266	1103
1267	436
1268	498
1269	412
1270	319
1271	856
1272	1036
1273	815
1274	1127
1275	497
1276	693
1277	297
1278	509
1279	1090
1280	685
1281	1107
1282	654
1283	754
1284	1075
1285	139
1286	943
1287	329
1288	1095
1289	1273
1290	394
1291	829
1292	661
1293	829
1294	759
1295	1335
1296	1122
1297	298
1298	1182
1299	1243
1300	1232
1301	1146
1302	1098
1303	1186
1304	1356
1305	1124
1306	1184
1307	1182
1308	1076
1309	1154
1310	946
1311	693
1312	720
1313	1090
1314	685
1315	1031
1316	1166
1317	780
1318	769
1319	946
1320	1127
1321	28
1322	356
1323	714
1324	1022
1325	137
1326	875
1327	608
1328	621
1329	1022
1330	714
1331	990
1332	997
1333	179
1334	352
1335	478
1336	31
1337	1038
1338	825
1339	720
1340	1069
1341	643
1342	126
1343	769
1344	879
1345	1390
1346	699
1347	773
1348	1123
1349	486
1350	490
1351	274
1352	1031
1353	1090
1354	356
1355	824
1356	297
1357	427
1358	1330
1359	1075
1360	272
1361	698
1362	685
1363	580
1364	780
1365	139
1366	1095
1367	752
1368	28
1369	697
1370	654
1371	946
1372	509
1373	28
1374	934
1375	311
1376	555
1377	2
1378	135
1379	125
1380	321
1381	271
1382	69
1383	215
1384	715
1385	815
1386	685
1387	28
1388	780
1389	1090
1390	580
1391	824
1392	603
1393	1389
1394	298
1395	755
1396	1122
1397	487
1398	1067
1399	1232
1400	1076
1401	298
1402	1146
1403	1182
1404	1038
1405	815
1406	329
1407	1031
1408	685
1409	943
1410	643
1411	780
1412	680
1413	124
1414	42
1415	374
1416	642
1417	73
1418	648
1419	522
1420	290
1421	522
1422	791
1423	990
1424	145
1425	807
1426	1048
1427	1048
1428	1307
1429	1391
1430	1307
1431	923
1432	1378
1433	1313
1434	1323
1435	1368
1436	1373
1437	1384
1438	1195
1439	1391
1440	1395
1441	1298
1442	1236
1443	1395
1444	1391
1445	1378
1446	1331
1447	1384
1448	1352
1449	1391
1450	569
1451	726
1452	788
1453	1051
1454	1070
1455	427
1456	1075
1457	699
1458	643
1459	126
1460	1007
1461	1127
1462	274
1463	1090
1464	1107
1465	946
1466	356
1467	329
1468	824
1469	297
1470	497
1471	754
1472	685
1473	693
1474	866
1475	139
1476	603
1477	1123
1478	720
1479	780
1480	1031
1481	28
1482	509
1483	697
1484	1095
1485	1396
1486	1224
1487	1302
1488	989
1489	647
1490	329
1491	866
1492	753
1493	693
1494	1086
1495	1129
1496	186
1497	14
1498	172
1499	764
1500	1005
1501	59
1502	933
1503	348
1504	933
1505	348
1506	1148
1507	1182
1508	1285
1509	1115
1510	1295
1511	1363
1512	1084
1513	287
1514	1374
1515	1371
1516	1284
1517	1403
1518	1328
1519	1382
1520	1371
1521	1380
1522	1260
1523	1308
1524	1195
1525	1031
1526	815
1527	825
1528	580
1529	1090
1530	1143
1531	685
1532	998
1533	1048
1534	1012
1535	118
1536	145
1537	954
1538	966
1539	1058
1540	740
1541	421
1542	1296
1543	541
1544	511
1545	816
1546	511
1547	1394
1548	643
1549	139
1550	1007
1551	356
1552	28
1553	1166
1554	1095
1555	780
1556	654
1557	580
1558	28
1559	1123
1560	773
1561	329
1562	1090
1563	490
1564	1143
1565	509
1566	326
1567	754
1568	603
1569	1069
1570	126
1571	685
1572	946
1573	994
1574	427
1575	274
1576	1107
1577	1086
1578	774
1579	769
1580	879
1581	879
1582	564
1583	852
1584	1048
1585	991
1586	1038
1587	825
1588	326
1589	824
1590	780
1591	126
1592	1069
1593	946
1594	580
1595	427
1596	329
1597	356
1598	603
1599	866
1600	1090
1601	486
1602	699
1603	272
1604	490
1605	1127
1606	685
1607	720
1608	654
1609	697
1610	1143
1611	789
1612	28
1613	139
1614	943
1615	1166
1616	1007
1617	693
1618	1280
1619	1338
1620	1340
1621	157
1622	98
1623	70
1624	374
1625	952
1626	254
1627	355
1628	1035
1629	374
1630	791
1631	772
1632	430
1633	1154
1634	685
1635	603
1636	699
1637	1166
1638	329
1639	139
1640	1007
1641	427
1642	773
1643	866
1644	1095
1645	1031
1646	1123
1647	824
1648	946
1649	297
1650	272
1651	490
1652	697
1653	693
1654	580
1655	497
1656	693
1657	780
1658	28
1659	1090
1660	126
1661	281
1662	841
1663	585
1664	223
1665	280
1666	441
1667	441
1668	73
1669	118
1670	244
1671	966
1672	966
1673	1005
1674	999
1675	1328
1676	1213
1677	649
1678	1038
1679	825
1680	1143
1681	1329
1682	1368
1683	1332
1684	1352
1685	1332
1686	1201
1687	1209
1688	1209
1689	1329
1690	1209
1691	1236
1692	1329
1693	1175
1694	726
1695	643
1696	866
1697	580
1698	1007
1699	5
1700	706
1701	307
1702	4
1703	536
1704	295
1705	75
1706	936
1707	4
1708	78
1709	979
1710	4
1711	295
1712	295
1713	931
1714	295
1715	868
1716	5
1717	98
1718	1064
1719	214
1720	975
1721	706
1722	83
1723	572
1724	305
1725	271
1726	998
1727	697
1728	697
1729	1167
1730	1338
1731	852
1732	699
1733	866
1734	780
1735	1069
1736	126
1737	1095
1738	427
1739	943
1740	535
1741	945
1742	841
1743	520
1744	1104
1745	693
1746	1147
1747	192
1748	608
1749	153
1750	574
1751	912
1752	12
1753	574
1754	622
1755	1154
1756	840
1757	1297
1758	888
1759	831
1760	86
1761	200
1762	40
1763	4
1764	611
1765	362
1766	455
1767	305
1768	322
1769	899
1770	115
1771	489
1772	533
1773	31
1774	115
1775	379
1776	115
1777	1364
1778	1261
1779	1260
1780	1391
1781	1203
1782	1300
1783	1233
1784	1219
1785	1353
1786	1248
1787	1239
1788	1209
1789	921
1790	896
1791	1286
1792	1111
1793	1182
1794	1243
1795	1076
1796	1124
1797	1196
1798	1247
1799	1365
1800	1165
1801	1281
1802	1245
1803	1180
1804	1388
1805	1131
1806	1400
1807	1193
1808	1055
1809	1206
1810	1326
1811	1180
1812	1115
1813	838
1814	1366
1815	695
1816	1322
1817	1316
1818	1177
1819	1280
1820	1278
1821	1402
1822	1169
1823	1336
1824	487
1825	755
1826	1247
1827	1182
1828	1232
1829	1182
1830	1243
1831	1067
1832	298
1833	1076
1834	1122
1835	298
1836	1311
1837	1038
1838	825
1839	815
1840	866
1841	28
1842	1007
1843	685
1844	1107
1845	580
1846	780
1847	329
1848	139
1849	943
1850	603
1851	1057
1852	1127
1853	1123
1854	490
1855	1069
1856	1031
1857	720
1858	643
1859	753
1860	693
1861	654
1862	74
1863	379
1864	28
1865	879
1866	28
1867	570
1868	693
1869	274
1870	1031
1871	1007
1872	643
1873	946
1874	1143
1875	1127
1876	780
1877	23
1878	668
1879	1397
1880	1409
1881	976
1882	328
1883	186
1884	1043
1885	631
1886	489
1887	186
1888	489
1889	517
1890	1108
1891	1083
1892	1350
1893	1118
1894	1049
1895	15
1896	1336
1897	274
1898	693
1899	887
1900	815
1901	341
1902	825
1903	643
1904	685
1905	780
1906	1123
1907	1166
1908	697
1909	866
1910	1007
1911	1107
1912	536
1913	78
1914	311
1915	151
1916	975
1917	536
1918	305
1919	408
1920	797
1921	190
1922	688
1923	190
1924	91
1925	881
1926	190
1927	31
1928	31
1929	91
1930	1003
1931	31
1932	190
1933	31
1934	688
1935	666
1936	489
1937	881
1938	881
1939	881
1940	734
1941	459
1942	890
1943	834
1944	484
1945	459
1946	1361
1947	1308
1948	1200
1949	1404
1950	1224
1951	1229
1952	1244
1953	1380
1954	1260
1955	1229
1956	1189
1957	726
1958	626
1959	73
1960	653
1961	626
1962	795
1963	540
1964	457
1965	15
1966	271
1967	831
1968	887
1969	271
1970	576
1971	393
1972	627
1973	1016
1974	494
1975	317
1976	887
1977	864
1978	467
1979	371
1980	271
1981	805
1982	494
1983	494
1984	61
1985	687
1986	809
1987	743
1988	73
1989	526
1990	1336
1991	551
1992	19
1993	38
1994	129
1995	500
1996	1168
1997	551
1998	677
1999	551
2000	500
2001	677
2002	336
2003	251
2004	268
2005	905
2006	1044
2007	829
2008	858
2009	858
2010	110
2011	1352
2012	1328
2013	1343
2014	1407
2015	1284
2016	1261
2017	1394
2018	141
2019	1048
2020	633
2021	657
2022	856
2023	516
2024	452
2025	1048
2026	1286
2027	1148
2028	1389
2029	1076
2030	1232
2031	1067
2032	1247
2033	487
2034	298
2035	1311
2036	755
2037	1205
2038	1182
2039	1243
2040	1271
2041	1400
2042	1137
2043	1198
2044	1206
2045	1199
2046	1150
2047	1405
2048	1388
2049	1180
2050	1355
2051	1342
2052	1226
2053	1322
2054	1228
2055	695
2056	1180
2057	1278
2058	1285
2059	1306
2060	1321
2061	1175
2062	1176
2063	1193
2064	1235
2065	1202
2066	1234
2067	838
2068	1205
2069	1115
2070	1392
2071	1227
2072	281
2073	809
2074	12
2075	264
2076	1022
2077	660
2078	33
2079	1239
2080	268
2081	975
2082	68
2083	5
2084	764
2085	1080
2086	1125
2087	966
2088	495
2089	1147
2090	921
2091	1100
2092	1286
2093	1112
2094	896
2095	1111
2096	1205
2097	1243
2098	298
2099	1182
2100	1389
2101	487
2102	1232
2103	298
2104	1247
2105	1182
2106	1076
2107	755
2108	1315
2109	1205
2110	1131
2111	1306
2112	838
2113	1199
2114	287
2115	241
2116	1351
2117	1234
2118	1185
2119	1355
2120	1375
2121	1192
2122	1322
2123	1388
2124	1360
2125	1402
2126	1275
2127	1349
2128	1366
2129	1334
2130	1084
2131	1245
2132	695
2133	1363
2134	1271
2135	1115
2136	1198
2137	1280
2138	1362
2139	1055
2140	1206
2141	1137
2142	1165
2143	1374
2144	1235
2145	1316
2146	1202
2147	1321
2148	751
2149	1176
2150	1278
2151	1401
2152	1281
2153	1228
2154	1175
2155	1341
2156	1405
2157	1336
2158	574
2159	740
2160	677
2161	1071
2162	1071
2163	877
2164	877
2165	877
2166	715
2167	877
2168	877
2169	877
2170	533
2171	115
2172	1020
2173	172
2174	185
2175	337
2176	701
2177	185
2178	185
2179	185
2180	1263
2181	42
2182	73
2183	42
2184	34
2185	169
2186	680
2187	526
2188	186
2189	1154
2190	329
2191	866
2192	28
2193	693
2194	1069
2195	1394
2196	274
2197	442
2198	1061
2199	764
2200	153
2201	313
2202	882
2203	610
2204	610
2205	251
2206	507
2207	610
2208	1004
2209	793
2210	1140
2211	183
2212	1043
2213	823
2214	765
2215	352
2216	115
2217	1038
2218	825
2219	815
2220	297
2221	1007
2222	329
2223	326
2224	603
2225	1090
2226	1123
2227	769
2228	272
2229	685
2230	824
2231	356
2232	720
2233	1075
2234	1315
2235	1182
2236	1247
2237	1076
2238	1182
2239	1243
2240	1199
2241	1388
2242	1198
2243	1291
2244	1226
2245	1192
2246	1405
2247	1322
2248	1115
2249	1245
2250	1133
2251	764
2252	825
2253	815
2254	1007
2255	1090
2256	1143
2257	685
2258	423
2259	1057
2260	773
2261	1038
2262	949
2263	591
2264	643
2265	1296
2266	448
2267	4
2268	115
2269	533
2270	1175
2271	868
2272	1047
2273	224
2274	554
2275	879
2276	318
2277	1286
2278	1147
2279	152
2280	773
2281	272
2282	1095
2283	824
2284	699
2285	16
2286	274
2287	946
2288	825
2289	427
2290	693
2291	946
2292	28
2293	799
2294	1211
2295	145
2296	697
2297	502
2298	776
2299	1029
2300	727
2301	721
2302	727
2303	890
2304	459
2305	459
2306	504
2307	727
2308	381
2309	890
2310	459
2311	81
2312	556
2313	459
2314	223
2315	556
2316	989
2317	647
2318	840
2319	272
2320	946
2321	28
2322	274
2323	780
2324	866
2325	329
2326	1090
2327	1127
2328	1166
2329	1104
2330	1107
2331	603
2332	769
2333	1147
2334	1148
2335	921
2336	1203
2337	1395
2338	1230
2339	1371
2340	1331
2341	1261
2342	1317
2343	1260
2344	1407
2345	1063
2346	1314
2347	1299
2348	1237
2349	1260
2350	1347
2351	1200
2352	313
2353	321
2354	837
2355	281
2356	203
2357	243
2358	416
2359	446
2360	53
2361	203
2362	491
2363	558
2364	144
2365	1000
2366	446
2367	512
2368	730
2369	406
2370	416
2371	1252
2372	35
2373	187
2374	321
2375	740
2376	600
2377	1404
2378	339
2379	487
2380	1182
2381	1356
2382	411
2383	494
2384	373
2385	386
2386	871
2387	848
2388	74
2389	526
2390	4
2391	848
2392	137
2393	42
2394	372
2395	492
2396	871
2397	494
2398	373
2399	42
2400	899
2401	472
2402	1370
2403	165
2404	881
2405	165
2406	472
2407	1097
2408	1336
2409	1152
2410	339
2411	1121
2412	77
2413	339
2414	663
2415	768
2416	801
2417	1121
2418	663
2419	663
2420	1028
2421	1210
2422	1059
2423	815
2424	643
2425	1107
2426	158
2427	1031
2428	326
2429	1166
2430	329
2431	356
2432	1069
2433	697
2434	291
2435	243
2436	321
2437	291
2438	187
2439	2
2440	421
2441	115
2442	859
2443	472
2444	209
2445	1043
2446	379
2447	817
2448	975
2449	264
2450	959
2451	153
2452	714
2453	313
2454	534
2455	960
2456	98
2457	691
2458	691
2459	624
2460	882
2461	860
2462	680
2463	74
2464	1174
2465	55
2466	835
2467	492
2468	1038
2469	825
2470	866
2471	1075
2472	1283
2473	1218
2474	1217
2475	1297
2476	1216
2477	1214
2478	1218
2479	1217
2480	1216
2481	1288
2482	1215
2483	1214
2484	1218
2485	1297
2486	1215
2487	1217
2488	1135
2489	825
2490	815
2491	752
2492	356
2493	1090
2494	698
2495	780
2496	1107
2497	720
2498	272
2499	1123
2500	699
2501	866
2502	693
2503	994
2504	1007
2505	773
2506	126
2507	497
2508	580
2509	1069
2510	427
2511	799
2512	789
2513	654
2514	648
2515	825
2516	329
2517	825
2518	753
2519	1007
2520	329
2521	1090
2522	1127
2523	603
2524	698
2525	1143
2526	1166
2527	720
2528	866
2529	693
2530	643
2531	126
2532	1107
2533	580
2534	400
2535	282
2536	347
2537	274
2538	785
2539	534
2540	1061
2541	1211
2542	918
2543	1066
2544	1161
2545	1033
2546	1110
2547	1116
2548	1034
2549	1162
2550	1068
2551	1129
2552	385
2553	5
2554	1
2555	866
2556	31
2557	765
2558	631
2559	720
2560	685
2561	158
2562	882
2563	86
2564	325
2565	86
2566	882
2567	325
2568	1036
2569	656
2570	1047
2571	679
2572	565
2573	1005
2574	1099
2575	1005
2576	1283
2577	726
2578	1247
2579	1005
2580	1372
2581	1063
2582	1308
2583	1246
2584	1244
2585	1208
2586	1213
2587	1263
2588	1287
2589	1370
2590	884
2591	1284
2592	1259
2593	1354
2594	1283
2595	1230
2596	1208
2597	1208
2598	1361
2599	1230
2600	1238
2601	1283
2602	1308
2603	1357
2604	1246
2605	1403
2606	1358
2607	1283
2608	1380
2609	1029
2610	498
2611	512
2612	498
2613	449
2614	505
2615	233
2616	281
2617	186
2618	1016
2619	975
2620	1030
2621	104
2622	293
2623	1029
2624	467
2625	1029
2626	482
2627	404
2628	492
2629	572
2630	397
2631	166
2632	494
2633	494
2634	85
2635	536
2636	494
2637	166
2638	934
2639	500
2640	321
2641	533
2642	1200
2643	705
2644	96
2645	293
2646	494
2647	494
2648	762
2649	680
2650	352
2651	472
2652	681
2653	472
2654	849
2655	421
2656	992
2657	860
2658	1020
2659	379
2660	738
2661	831
2662	1020
2663	899
2664	115
2665	328
2666	860
2667	881
2668	899
2669	1020
2670	849
2671	899
2672	1154
2673	1361
2674	997
2675	926
2676	1315
2677	118
2678	1345
2679	1243
2680	1232
2681	1098
2682	1311
2683	1196
2684	1184
2685	1038
2686	825
2687	16
2688	606
2689	1190
2690	1190
2691	988
2692	1190
2693	924
2694	1040
2695	1219
2696	1300
2697	1391
2698	1197
2699	1391
2700	1391
2701	1239
2702	1174
2703	1391
2704	1286
2705	1148
2706	1147
2707	328
2708	677
2709	551
2710	86
2711	86
2712	878
2713	455
2714	129
2715	560
2716	437
2717	610
2718	500
2719	398
2720	842
2721	610
2722	1168
2723	500
2724	551
2725	958
2726	1168
2727	496
2728	551
2729	959
2730	804
2731	622
2732	769
2733	780
2734	789
2735	1107
2736	1007
2737	1160
2738	879
2739	427
2740	297
2741	643
2742	23
2743	272
2744	326
2745	1127
2746	720
2747	946
2748	685
2749	509
2750	824
2751	126
2752	603
2753	1166
2754	356
2755	693
2756	329
2757	654
2758	345
2759	1031
2760	28
2761	699
2762	490
2763	866
2764	28
2765	698
2766	1090
2767	580
2768	497
2769	994
2770	1390
2771	345
2772	693
2773	603
2774	693
2775	326
2776	1007
2777	799
2778	1336
2779	1147
2780	1148
2781	298
2782	298
2783	487
2784	1243
2785	1389
2786	1205
2787	1182
2788	1247
2789	755
2790	1232
2791	1067
2792	1122
2793	1182
2794	1084
2795	1192
2796	1206
2797	1228
2798	1293
2799	1292
2800	1322
2801	1137
2802	1291
2803	1334
2804	1242
2805	1205
2806	1405
2807	1115
2808	1392
2809	1325
2810	838
2811	1234
2812	695
2813	1235
2814	751
2815	1374
2816	1355
2817	1115
2818	1245
2819	1349
2820	1408
2821	1176
2822	1375
2823	1199
2824	1226
2825	1177
2826	1240
2827	1279
2828	1341
2829	1388
2830	1227
2831	1285
2832	1133
2833	1295
2834	1198
2835	1271
2836	572
2837	38
2838	38
2839	758
2840	603
2841	780
2842	28
2843	866
2844	1090
2845	1031
2846	580
2847	753
2848	427
2849	1069
2850	697
2851	1390
2852	274
2853	272
2854	698
2855	693
2856	1007
2857	643
2858	726
2859	734
2860	569
2861	727
2862	1049
2863	1049
2864	653
2865	484
2866	459
2867	188
2868	610
2869	456
2870	648
2871	747
2872	405
2873	653
2874	841
2875	664
2876	1118
2877	871
2878	437
2879	228
2880	41
2881	292
2882	825
2883	866
2884	28
2885	28
2886	976
2887	373
2888	934
2889	373
2890	1044
2891	680
2892	1263
2893	508
2894	179
2895	386
2896	472
2897	1101
2898	179
2899	946
2900	137
2901	1123
2902	423
2903	224
2904	946
2905	943
2906	352
2907	698
2908	1306
2909	774
2910	274
2911	509
2912	774
2913	516
2914	564
2915	1090
2916	158
2917	754
2918	480
2919	520
2920	774
2921	852
2922	1007
2923	879
2924	297
2925	107
2926	1166
2927	274
2928	693
2929	945
2930	720
2931	945
2932	1057
2933	224
2934	427
2935	1306
2936	664
2937	1134
2938	920
2939	645
2940	736
2941	924
2942	348
2943	339
2944	1328
2945	1258
2946	1213
2947	1357
2948	1263
2949	1231
2950	1299
2951	570
2952	1216
2953	1218
2954	1297
2955	1217
2956	1288
2957	1216
2958	1218
2959	1215
2960	1214
2961	1217
2962	1218
2963	1215
2964	1297
2965	1214
2966	1217
2967	1161
2968	1096
2969	808
2970	1144
2971	1172
2972	1006
2973	1110
2974	1114
2975	1116
2976	580
2977	825
2978	39
2979	1007
2980	1090
2981	1031
2982	693
2983	780
2984	1127
2985	866
2986	274
2987	1069
2988	1107
2989	643
2990	1166
2991	697
2992	698
2993	580
2994	603
2995	1336
2996	1061
2997	172
2998	576
2999	321
3000	971
3001	1148
3002	194
3003	550
3004	864
3005	903
3006	931
3007	551
3008	175
3009	373
3010	38
3011	576
3012	118
3013	53
3014	681
3015	849
3016	115
3017	761
3018	882
3019	129
3020	151
3021	4
3022	706
3023	655
3024	1080
3025	655
3026	151
3027	1036
3028	151
3029	1038
3030	815
3031	825
3032	1090
3033	1151
3034	1166
3035	780
3036	272
3037	866
3038	879
3039	1311
3040	1156
3041	1182
3042	1395
3043	28
3044	336
3045	726
3046	727
3047	653
3048	442
3049	1147
3050	921
3051	1182
3052	1076
3053	1067
3054	1247
3055	298
3056	487
3057	1182
3058	1232
3059	1311
3060	1205
3061	1243
3062	1084
3063	1176
3064	1275
3065	1326
3066	1363
3067	1185
3068	1226
3069	1132
3070	1133
3071	1375
3072	1366
3073	1105
3074	695
3075	1245
3076	1362
3077	1278
3078	1206
3079	838
3080	1388
3081	1402
3082	1285
3083	1325
3084	1115
3085	1180
3086	1198
3087	1280
3088	287
3089	1271
3090	1137
3091	241
3092	1334
3093	1392
3094	1346
3095	1205
3096	1342
3097	1293
3098	1405
3099	1301
3100	1234
3101	1131
3102	1180
3103	751
3104	1316
3105	1365
3106	1408
3107	1175
3108	1235
3109	1165
3110	1322
3111	1169
3112	1374
3113	1078
3114	1360
3115	1115
3116	966
3117	585
3118	890
3119	581
3120	1296
3121	1298
3122	1096
3123	1265
3124	1197
3125	1129
3126	1136
3127	825
3128	697
3129	1330
3130	1090
3131	603
3132	1127
3133	28
3134	1166
3135	345
3136	1095
3137	685
3138	497
3139	356
3140	490
3141	580
3142	693
3143	769
3144	1107
3145	753
3146	799
3147	1031
3148	508
3149	328
3150	41
3151	28
3152	720
3153	1031
3154	943
3155	1090
3156	326
3157	126
3158	1069
3159	754
3160	1007
3161	356
3162	509
3163	274
3164	643
3165	580
3166	1166
3167	297
3168	497
3169	28
3170	1127
3171	1075
3172	824
3173	486
3174	765
3175	69
3176	1286
3177	1148
3178	755
3179	298
3180	1314
3181	511
3182	511
3183	298
3184	1156
3185	1234
3186	1240
3187	1285
3188	1276
3189	1241
3190	1150
3191	1295
3192	1227
3193	1175
3194	1260
3195	1395
3196	1022
3197	1004
3198	401
3199	525
3200	949
3201	624
3202	848
3203	979
3204	975
3205	232
3206	137
3207	208
3208	1064
3209	706
3210	198
3211	268
3212	835
3213	321
3214	60
3215	401
3216	931
3217	621
3218	857
3219	610
3220	574
3221	608
3222	49
3223	912
3224	610
3225	610
3226	525
3227	959
3228	1064
3229	568
3230	198
3231	1061
3232	948
3233	916
3234	478
3235	678
3236	579
3237	98
3238	1259
3239	678
3240	1090
3241	326
3242	866
3243	643
3244	580
3245	603
3246	467
3247	295
3248	78
3249	362
3250	5
3251	5
3252	5
3253	5
3254	5
3255	5
3256	5
3257	5
3258	5
3259	5
3260	1209
3261	1329
3262	1209
3263	1332
3264	1201
3265	815
3266	825
3267	769
3268	697
3269	1069
3270	1007
3271	753
3272	698
3273	329
3274	1031
3275	1047
3276	5
3277	5
3278	431
3279	203
3280	5
3281	959
3282	5
3283	5
3284	135
3285	1369
3286	1025
3287	147
3288	5
3289	5
3290	455
3291	555
3292	572
3293	496
3294	5
3295	878
3296	882
3297	1047
3298	5
3299	452
3300	5
3301	1196
3302	1389
3303	298
3304	1122
3305	755
3306	1124
3307	1232
3308	1156
3309	1243
3310	241
3311	1351
3312	1115
3313	1074
3314	1405
3315	1175
3316	1364
3317	1400
3318	1278
3319	856
3320	423
3321	288
3322	355
3323	856
3324	698
3325	946
3326	1148
3327	1061
3328	1336
3329	1148
3330	921
3331	1286
3332	962
3333	1156
3334	1243
3335	825
3336	329
3337	1335
3338	511
3339	359
3340	511
3341	1311
3342	1182
3343	298
3344	1247
3345	1076
3346	1232
3347	487
3348	1182
3349	1205
3350	1067
3351	298
3352	1389
3353	1326
3354	751
3355	1388
3356	1408
3357	1322
3358	1227
3359	695
3360	1363
3361	1293
3362	1132
3363	1165
3364	287
3365	1131
3366	1325
3367	1271
3368	1366
3369	1115
3370	1176
3371	1105
3372	1137
3373	241
3374	1202
3375	1280
3376	1193
3377	1235
3378	838
3379	1205
3380	1178
3381	1301
3382	1078
3383	1055
3384	1198
3385	1206
3386	1180
3387	1234
3388	1084
3389	1342
3390	1364
3391	1334
3392	1180
3393	1115
3394	1285
3395	1374
3396	1405
3397	1275
3398	1226
3399	4
3400	4
3401	1336
3402	461
3403	326
3404	356
3405	698
3406	720
3407	1123
3408	1069
3409	509
3410	769
3411	1107
3412	699
3413	693
3414	490
3415	1075
3416	1095
3417	139
3418	1330
3419	603
3420	654
3421	879
3422	1127
3423	329
3424	272
3425	824
3426	780
3427	678
3428	815
3429	825
3430	1107
3431	780
3432	28
3433	1069
3434	799
3435	685
3436	1127
3437	603
3438	580
3439	274
3440	329
3441	1007
3442	1166
3443	693
3444	884
3445	1314
3446	1314
3447	992
3448	726
3449	778
3450	767
3451	386
3452	192
3453	1020
3454	292
3455	483
3456	991
3457	566
3458	569
3459	825
3460	1007
3461	693
3462	1090
3463	913
3464	1085
3465	840
3466	1154
3467	4
3468	706
3469	642
3470	278
3471	979
3472	214
3473	75
3474	174
3475	38
3476	1030
3477	4
3478	4
3479	295
3480	136
3481	881
3482	91
3483	489
3484	468
3485	190
3486	91
3487	667
3488	1134
3489	1187
3490	994
3491	1286
3492	1147
3493	1148
3494	1315
3495	1389
3496	1122
3497	1205
3498	1182
3499	298
3500	1247
3501	1311
3502	487
3503	755
3504	1076
3505	1243
3506	1321
3507	1374
3508	1137
3509	1279
3510	1306
3511	1295
3512	1275
3513	695
3514	1192
3515	1055
3516	1228
3517	241
3518	1285
3519	1327
3520	1325
3521	751
3522	1351
3523	1227
3524	1226
3525	1388
3526	1205
3527	1408
3528	838
3529	1202
3530	1206
3531	1276
3532	1316
3533	1242
3534	1078
3535	1240
3536	1185
3537	1131
3538	1375
3539	1322
3540	1133
3541	1280
3542	1084
3543	1245
3544	1169
3545	1360
3546	1115
3547	1199
3548	1105
3549	1366
3550	1301
3551	1349
3552	1177
3553	1165
3554	1402
3555	287
3556	1235
3557	1401
3558	1392
3559	1115
3560	1241
3561	349
3562	883
3563	642
3564	1043
3565	727
3566	69
3567	722
3568	991
3569	81
3570	672
3571	1394
3572	815
3573	1051
3574	1023
3575	788
3576	515
3577	788
3578	515
3579	211
3580	567
3581	100
3582	726
3583	405
3584	1023
3585	100
3586	352
3587	211
3588	41
3589	328
3590	849
3591	849
3592	486
3593	693
3594	204
3595	831
3596	700
3597	349
3598	668
3599	377
3600	570
3601	679
3602	1197
3603	1397
3604	1409
3605	604
3606	187
3607	1160
3608	274
3609	693
3610	1286
3611	497
3612	626
3613	457
3614	511
3615	511
3616	1094
3617	1338
3618	884
3619	921
3620	1111
3621	778
3622	1100
3623	495
3624	647
3625	913
3626	989
3627	1154
3628	1174
3629	1221
3630	1385
3631	1404
3632	1260
3633	1353
3634	1224
3635	1344
3636	1308
3637	1200
3638	1380
3639	1270
3640	1244
3641	1308
3642	1224
3643	1258
3644	1360
3645	1349
3646	1402
3647	838
3648	1176
3649	1131
3650	1206
3651	1280
3652	1405
3653	1275
3654	1401
3655	1362
3656	1192
3657	1055
3658	1326
3659	1363
3660	1341
3661	1351
3662	1316
3663	1364
3664	1278
3665	1306
3666	1285
3667	1327
3668	1279
3669	695
3670	1078
3671	1137
3672	751
3673	1325
3674	1242
3675	1175
3676	1301
3677	1240
3678	1375
3679	1281
3680	1408
3681	1245
3682	1169
3683	1392
3684	1295
3685	1276
3686	1355
3687	1177
3688	1321
3689	1165
3690	1105
3691	425
3692	1241
3693	1202
3694	1203
3695	830
3696	959
3697	313
3698	78
3699	313
3700	975
3701	1349
3702	691
3703	678
3704	313
3705	605
3706	624
3707	642
3708	24
3709	1022
3710	489
3711	17
3712	859
3713	1044
3714	645
3715	645
3716	480
3717	394
3718	825
3719	28
3720	1090
3721	720
3722	1160
3723	699
3724	1286
3725	896
3726	1147
3727	1148
3728	1247
3729	1232
3730	1196
3731	1243
3732	1205
3733	1124
3734	1389
3735	1146
3736	1156
3737	1067
3738	1316
3739	838
3740	241
3741	1278
3742	1165
3743	1131
3744	1392
3745	751
3746	1271
3747	1360
3748	1206
3749	1205
3750	1375
3751	1176
3752	287
3753	1408
3754	1078
3755	1326
3756	1363
3757	1366
3758	1402
3759	1285
3760	1202
3761	1187
3762	490
3763	274
3764	272
3765	329
3766	603
3767	654
3768	879
3769	1104
3770	1127
3771	580
3772	326
3773	685
3774	1090
3775	693
3776	1095
3777	946
3778	698
3779	824
3780	769
3781	1166
3782	497
3783	1069
3784	297
3785	1123
3786	28
3787	126
3788	1007
3789	1075
3790	1031
3791	139
3792	28
3793	509
3794	866
3795	1107
3796	484
3797	67
3798	15
3799	653
3800	634
3801	67
3802	1022
3803	383
3804	1013
3805	831
3806	526
3807	429
3808	42
3809	42
3810	42
3811	429
3812	42
3813	42
3814	42
3815	1160
3816	899
3817	28
3818	643
3819	509
3820	943
3821	824
3822	272
3823	1095
3824	486
3825	603
3826	580
3827	699
3828	946
3829	693
3830	1069
3831	773
3832	754
3833	329
3834	126
3835	326
3836	1007
3837	1057
3838	654
3839	28
3840	685
3841	753
3842	720
3843	879
3844	497
3845	427
3846	780
3847	1390
3848	1123
3849	522
3850	866
3851	856
3852	580
3853	1143
3854	693
3855	535
3856	145
3857	841
3858	382
3859	272
3860	852
3861	486
3862	1104
3863	780
3864	204
3865	946
3866	943
3867	1166
3868	699
3869	1007
3870	945
3871	345
3872	1166
3873	866
3874	272
3875	1031
3876	643
3877	693
3878	326
3879	1143
3880	1090
3881	685
3882	799
3883	896
3884	1100
3885	1111
3886	495
3887	778
3888	921
3889	1286
3890	1067
3891	1196
3892	1184
3893	1182
3894	1232
3895	1124
3896	298
3897	1122
3898	1389
3899	1356
3900	1186
3901	1076
3902	1146
3903	487
3904	298
3905	1311
3906	1156
3907	962
3908	490
3909	1283
3910	1230
3911	1160
3912	693
3913	1390
3914	799
3915	1090
3916	877
3917	222
3918	877
3919	417
3920	1080
3921	301
3922	959
3923	311
3924	642
3925	912
3926	642
3927	12
3928	153
3929	319
3930	627
3931	608
3932	983
3933	1022
3934	504
3935	648
3936	727
3937	314
3938	600
3939	905
3940	986
3941	726
3942	726
3943	991
3944	653
3945	653
3946	1017
3947	282
3948	336
3949	407
3950	991
3951	726
3952	1335
3953	759
3954	1314
3955	1335
3956	1110
3957	1350
3958	758
3959	449
3960	642
3961	187
3962	1196
3963	962
3964	1389
3965	78
3966	877
3967	715
3968	1391
3969	1385
3970	1174
3971	1085
3972	1154
3973	290
3974	905
3975	857
3976	912
3977	1163
3978	177
3979	584
3980	53
3981	680
3982	41
3983	169
3984	1334
3985	680
3986	46
3987	291
3988	187
3989	125
3990	187
3991	321
3992	551
3993	1030
3994	1030
3995	1103
3996	416
3997	706
3998	700
3999	667
4000	379
4001	572
4002	619
4003	165
4004	489
4005	472
4006	31
4007	91
4008	489
4009	91
4010	91
4011	1043
4012	1125
4013	567
4014	1197
4015	730
4016	1229
4017	1340
4018	1335
4019	1340
4020	1340
4021	1085
4022	1154
4023	1038
4024	825
4025	1075
4026	693
4027	780
4028	643
4029	685
4030	943
4031	274
4032	720
4033	490
4034	28
4035	126
4036	1095
4037	754
4038	866
4039	789
4040	329
4041	580
4042	272
4043	356
4044	1127
4045	1031
4046	603
4047	1113
4048	976
4049	489
4050	421
4051	920
4052	83
4053	366
4054	377
4055	856
4056	271
4057	433
4058	749
4059	416
4060	1026
4061	485
4062	372
4063	194
4064	271
4065	1016
4066	56
4067	975
4068	135
4069	322
4070	115
4071	687
4072	472
4073	115
4074	560
4075	41
4076	831
4077	793
4078	1008
4079	1121
4080	685
4081	329
4082	773
4083	1031
4084	866
4085	580
4086	509
4087	824
4088	272
4089	1095
4090	1123
4091	789
4092	693
4093	28
4094	326
4095	698
4096	126
4097	356
4098	1107
4099	1007
4100	1160
4101	427
4102	780
4103	490
4104	603
4105	643
4106	28
4107	1127
4108	314
4109	113
4110	653
4111	991
4112	892
4113	756
4114	15
4115	83
4116	653
4117	1025
4118	1099
4119	788
4120	585
4121	336
4122	847
4123	1125
4124	1069
4125	656
4126	646
4127	437
4128	455
4129	660
4130	1168
4131	551
4132	389
4133	229
4134	129
4135	1002
4136	496
4137	1186
4138	764
4139	430
4140	1021
4141	1300
4142	1122
4143	1247
4144	755
4145	487
4146	298
4147	1182
4148	1232
4149	1315
4150	1243
4151	1067
4152	1205
4153	1182
4154	1311
4155	1401
4156	1321
4157	1301
4158	425
4159	1115
4160	1374
4161	1198
4162	1322
4163	1131
4164	1276
4165	1362
4166	1105
4167	1078
4168	1355
4169	1285
4170	1327
4171	1292
4172	1242
4173	1281
4174	1364
4175	1185
4176	1408
4177	1366
4178	1192
4179	1240
4180	1175
4181	1363
4182	1205
4183	1316
4184	695
4185	1176
4186	1227
4187	1295
4188	1275
4189	1326
4190	1206
4191	1115
4192	1402
4193	1234
4194	241
4195	838
4196	1228
4197	1280
4198	1293
4199	1271
4200	287
4201	1084
4202	1241
4203	1165
4204	1405
4205	1392
4206	1169
4207	1202
4208	1351
4209	1360
4210	1235
4211	1199
4212	1306
4213	1349
4214	823
4215	153
4216	500
4217	551
4218	576
4219	898
4220	998
4221	572
4222	772
4223	228
4224	389
4225	215
4226	408
4227	145
4228	224
4229	672
4230	1336
4231	1280
4232	1124
4233	597
4234	545
4235	731
4236	1136
4237	695
4238	1402
4239	1104
4240	825
4241	693
4242	685
4243	1069
4244	274
4245	1135
4246	829
4247	788
4248	484
4249	1174
4250	456
4251	601
4252	1101
4253	1046
4254	1051
4255	223
4256	336
4257	405
4258	566
4259	648
4260	727
4261	211
4262	211
4263	727
4264	1358
4265	801
4266	1371
4267	73
4268	778
4269	1111
4270	896
4271	1147
4272	495
4273	487
4274	298
4275	755
4276	1196
4277	1315
4278	1186
4279	1156
4280	1182
4281	1124
4282	1146
4283	298
4284	1243
4285	1182
4286	1351
4287	751
4288	1199
4289	1325
4290	1169
4291	1306
4292	1137
4293	1366
4294	1133
4295	1291
4296	1292
4297	1078
4298	1228
4299	1115
4300	1365
4301	1278
4302	1405
4303	1402
4304	1349
4305	1241
4306	241
4307	1202
4308	1131
4309	695
4310	1295
4311	1374
4312	287
4313	1285
4314	1245
4315	1084
4316	1180
4317	1055
4318	1327
4319	1400
4320	1275
4321	1235
4322	1375
4323	1240
4324	1362
4325	1346
4326	1293
4327	1132
4328	1341
4329	1355
4330	1226
4331	1322
4332	1316
4333	1271
4334	366
4335	789
4336	126
4337	643
4338	1069
4339	274
4340	297
4341	23
4342	697
4343	329
4344	1031
4345	1107
4346	824
4347	486
4348	943
4349	326
4350	754
4351	497
4352	28
4353	994
4354	139
4355	829
4356	1048
4357	1048
4358	1048
4359	634
4360	299
4361	172
4362	1103
4363	299
4364	892
4365	254
4366	749
4367	646
4368	864
4369	144
4370	121
4371	680
4372	1215
4373	976
4374	1038
4375	825
4376	799
4377	580
4378	16
4379	1143
4380	1007
4381	1147
4382	472
4383	859
4384	899
4385	1091
4386	633
4387	1091
4388	1336
4389	297
4390	1038
4391	815
4392	795
4393	795
4394	98
4395	19
4396	1336
4397	526
4398	980
4399	645
4400	645
4401	1303
4402	645
4403	430
4404	74
4405	572
4406	54
4407	572
4408	492
4409	61
4410	38
4411	494
4412	146
4413	442
4414	19
4415	1030
4416	293
4417	61
4418	429
4419	494
4420	271
4421	34
4422	494
4423	855
4424	21
4425	526
4426	176
4427	571
4428	447
4429	61
4430	61
4431	146
4432	19
4433	61
4434	494
4435	494
4436	186
4437	52
4438	508
4439	1071
4440	849
4441	74
4442	186
4443	31
4444	303
4445	849
4446	976
4447	386
4448	115
4449	379
4450	680
4451	849
4452	186
4453	432
4454	41
4455	976
4456	169
4457	74
4458	115
4459	115
4460	52
4461	52
4462	701
4463	849
4464	508
4465	472
4466	74
4467	52
4468	41
4469	169
4470	421
4471	276
4472	479
4473	1332
4474	1201
4475	1391
4476	1209
4477	508
4478	446
4479	472
4480	1312
4481	1329
4482	1161
4483	1353
4484	1391
4485	1308
4486	1029
4487	446
4488	1305
4489	371
4490	446
4491	1370
4492	1312
4493	1201
4494	1307
4495	1331
4496	738
4497	1308
4498	1391
4499	1298
4500	1102
4501	1332
4502	1029
4503	446
4504	712
4505	472
4506	1370
4507	1299
4508	1314
4509	884
4510	879
4511	769
4512	373
4513	38
4514	146
4515	144
4516	550
4517	887
4518	21
4519	494
4520	38
4521	526
4522	361
4523	175
4524	1029
4525	436
4526	745
4527	404
4528	127
4529	466
4530	512
4531	393
4532	386
4533	34
4534	289
4535	159
4536	72
4537	436
4538	311
4539	492
4540	741
4541	627
4542	144
4543	372
4544	146
4545	494
4546	53
4547	70
4548	177
4549	670
4550	681
4551	660
4552	393
4553	124
4554	695
4555	1295
4556	34
4557	38
4558	536
4559	373
4560	74
4561	1240
4562	372
4563	526
4564	642
4565	372
4566	328
4567	1043
4568	882
4569	398
4570	86
4571	389
4572	455
4573	610
4574	878
4575	551
4576	389
4577	677
4578	389
4579	500
4580	882
4581	437
4582	1043
4583	86
4584	124
4585	560
4586	86
4587	1162
4588	1211
4589	1005
4590	449
4591	245
4592	904
4593	295
4594	555
4595	467
4596	602
4597	857
4598	1030
4599	591
4600	494
4601	5
4602	848
4603	449
4604	494
4605	680
4606	379
4607	631
4608	282
4609	877
4610	464
4611	715
4612	83
4613	83
4614	1336
4615	70
4616	30
4617	791
4618	647
4619	1143
4620	824
4621	28
4622	720
4623	866
4624	1125
4625	1136
4626	647
4627	341
4628	1151
4629	693
4630	1007
4631	580
4632	680
4633	825
4634	824
4635	685
4636	866
4637	1390
4638	326
4639	509
4640	643
4641	789
4642	23
4643	580
4644	943
4645	28
4646	497
4647	297
4648	603
4649	1127
4650	274
4651	1107
4652	126
4653	1069
4654	1095
4655	490
4656	486
4657	1031
4658	485
4659	934
4660	888
4661	864
4662	365
4663	426
4664	426
4665	614
4666	77
4667	265
4668	419
4669	271
4670	194
4671	2
4672	357
4673	1048
4674	1022
4675	916
4676	706
4677	83
4678	1314
4679	1203
4680	1229
4681	1263
4682	1317
4683	1260
4684	1407
4685	1354
4686	1358
4687	1371
4688	1208
4689	1230
4690	1261
4691	1331
4692	1395
4693	774
4694	734
4695	774
4696	734
4697	774
4698	1090
4699	1335
4700	1038
4701	356
4702	1075
4703	1123
4704	326
4705	1127
4706	643
4707	603
4708	1031
4709	1095
4710	139
4711	720
4712	28
4713	654
4714	274
4715	497
4716	329
4717	1069
4718	824
4719	866
4720	754
4721	580
4722	427
4723	943
4724	1007
4725	28
4726	693
4727	685
4728	509
4729	1166
4730	552
4731	966
4732	954
4733	24
4734	723
4735	825
4736	338
4737	1351
4738	425
4739	1180
4740	1084
4741	1176
4742	1115
4743	1226
4744	1074
4745	1275
4746	1193
4747	1320
4748	809
4749	859
4750	1154
4751	815
4752	110
4753	393
4754	801
4755	746
4756	516
4757	962
4758	1156
4759	1280
4760	1241
4761	1400
4762	1115
4763	1132
4764	1240
4765	1279
4766	1276
4767	1346
4768	1174
4769	1229
4770	1230
4771	1395
4772	1300
4773	1197
4774	1391
4775	1203
4776	1219
4777	1371
4778	1189
4779	830
4780	1283
4781	1283
4782	1353
4783	1236
4784	1382
4785	1270
4786	1213
4787	1283
4788	1368
4789	1344
4790	1230
4791	1352
4792	1221
4793	1213
4794	199
4795	199
4796	1303
4797	888
4798	328
4799	70
4800	1035
4801	648
4802	211
4803	772
4804	1030
4805	823
4806	211
4807	648
4808	535
4809	1215
4810	858
4811	499
4812	179
4813	997
4814	780
4815	719
4816	499
4817	997
4818	1041
4819	1138
4820	1248
4821	1189
4822	1172
4823	1300
4824	1350
4825	1083
4826	1110
4827	1118
4828	758
4829	581
4830	1239
4831	1162
4832	923
4833	1116
4834	808
4835	1174
4836	1097
4837	1102
4838	1144
4839	1219
4840	1353
4841	1108
4842	1197
4843	903
4844	825
4845	329
4846	1095
4847	943
4848	1090
4849	697
4850	486
4851	1031
4852	603
4853	28
4854	685
4855	946
4856	780
4857	1007
4858	509
4859	1123
4860	693
4861	1390
4862	1075
4863	654
4864	139
4865	693
4866	580
4867	643
4868	229
4869	1297
4870	1288
4871	1297
4872	668
4873	176
4874	1335
4875	1340
4876	1160
4877	643
4878	1031
4879	329
4880	1069
4881	693
4882	789
4883	1389
4884	290
4885	137
4886	484
4887	245
4888	28
4889	1075
4890	16
4891	752
4892	1065
4893	1148
4894	1286
4895	778
4896	495
4897	1112
4898	1147
4899	921
4900	1100
4901	896
4902	1111
4903	1076
4904	1315
4905	1182
4906	487
4907	1247
4908	298
4909	298
4910	1311
4911	1232
4912	755
4913	1182
4914	1243
4915	1389
4916	1078
4917	1292
4918	1055
4919	1388
4920	1295
4921	1364
4922	1366
4923	1227
4924	1198
4925	1202
4926	838
4927	1280
4928	1169
4929	1321
4930	751
4931	1392
4932	1316
4933	241
4934	1242
4935	1241
4936	1165
4937	1349
4938	1351
4939	1228
4940	1279
4941	1271
4942	1275
4943	1405
4944	1293
4945	1235
4946	425
4947	1402
4948	1291
4949	1084
4950	1327
4951	1105
4952	1325
4953	1240
4954	1301
4955	1199
4956	695
4957	1362
4958	1355
4959	1115
4960	1276
4961	1401
4962	1360
4963	1363
4964	1185
4965	1322
4966	1234
4967	1245
4968	1115
4969	1175
4970	738
4971	1043
4972	352
4973	764
4974	726
4975	610
4976	1090
4977	329
4978	4
4979	5
4980	431
4981	373
4982	1064
4983	4
4984	524
4985	5
4986	295
4987	319
4988	5
4989	5
4990	311
4991	572
4992	618
4993	485
4994	163
4995	329
4996	1148
4997	1286
4998	1122
4999	1311
5000	1076
5001	1067
5002	1247
5003	1232
5004	755
5005	1182
5006	487
5007	1389
5008	1315
5009	298
5010	1335
5011	769
5012	480
5013	480
5014	945
5015	526
5016	254
5017	823
5018	229
5019	1030
5020	731
5021	116
5022	1286
5023	1147
5024	1148
5025	1247
5026	1389
5027	1076
5028	1311
5029	1182
5030	854
5031	1025
5032	756
5033	504
5034	626
5035	986
5036	552
5037	626
5038	552
5039	430
5040	626
5041	966
5042	118
5043	1025
5044	34
5045	118
5046	173
5047	240
5048	626
5049	966
5050	211
5051	515
5052	430
5053	1003
5054	646
5055	646
5056	646
5057	121
5058	121
5059	646
5060	1003
5061	646
5062	1003
5063	773
5064	773
5065	121
5066	467
5067	307
5068	868
5069	868
5070	1217
5071	1217
5072	1215
5073	1215
5074	1217
5075	896
5076	1148
5077	495
5078	1100
5079	1111
5080	1112
5081	1205
5082	1316
5083	1133
5084	1206
5085	1402
5086	838
5087	1115
5088	1326
5089	1271
5090	1405
5091	1293
5092	1105
5093	1374
5094	1334
5095	1392
5096	1199
5097	1132
5098	1388
5099	1180
5100	1165
5101	1301
5102	1363
5103	1078
5104	1226
5105	1169
5106	1351
5107	1084
5108	1285
5109	1228
5110	751
5111	1342
5112	1202
5113	1365
5114	1198
5115	1193
5116	1278
5117	1366
5118	241
5119	1175
5120	1364
5121	1408
5122	1245
5123	695
5124	1137
5125	1055
5126	1185
5127	1280
5128	1234
5129	1205
5130	1400
5131	1131
5132	287
5133	2
5134	866
5135	603
5136	621
5137	472
5138	220
5139	810
5140	245
5141	932
5142	810
5143	268
5144	857
5145	621
5146	785
5147	1382
5148	1231
5149	1283
5150	1304
5151	1213
5152	1239
5153	1396
5154	1248
5155	906
5156	1048
5157	807
5158	1048
5159	1048
5160	1171
5161	1391
5162	1211
5163	923
5164	843
5165	1116
5166	1189
5167	1170
5168	1138
5169	1317
5170	1110
5171	1096
5172	1258
5173	1083
5174	1337
5175	157
5176	986
5177	1101
5178	496
5179	211
5180	255
5181	905
5182	484
5183	734
5184	726
5185	556
5186	727
5187	484
5188	381
5189	484
5190	15
5191	756
5192	188
5193	504
5194	726
5195	484
5196	1148
5197	1147
5198	1286
5199	825
5200	773
5201	297
5202	126
5203	580
5204	272
5205	1069
5206	28
5207	329
5208	754
5209	326
5210	1090
5211	685
5212	693
5213	28
5214	780
5215	1121
5216	1260
5217	1200
5218	1380
5219	1348
5220	1317
5221	1371
5222	1371
5223	1244
5224	1190
5225	808
5226	1083
5227	1224
5228	1308
5229	1118
5230	1243
5231	298
5232	1182
5233	1067
5234	1182
5235	298
5236	1311
5237	1232
5238	1389
5239	1076
5240	1086
5241	1051
5242	254
5243	778
5244	1197
5245	1125
5246	1385
5247	778
5248	1005
5249	394
5250	1383
5251	1057
5252	1273
5253	664
5254	1125
5255	31
5256	1154
5257	840
5258	647
5259	1038
5260	825
5261	720
5262	329
5263	139
5264	490
5265	946
5266	824
5267	1095
5268	753
5269	773
5270	16
5271	272
5272	693
5273	1107
5274	326
5275	1090
5276	28
5277	356
5278	780
5279	580
5280	341
5281	1151
5282	486
5283	297
5284	28
5285	1069
5286	1166
5287	603
5288	431
5289	5
5290	1318
5291	1097
5292	712
5293	843
5294	1378
5295	1263
5296	1357
5297	1173
5298	1395
5299	1068
5300	1161
5301	1172
5302	1395
5303	1378
5304	808
5305	1114
5306	581
5307	1384
5308	1370
5309	693
5310	531
5311	769
5312	698
5313	1090
5314	1075
5315	824
5316	1104
5317	1058
5318	693
5319	318
5320	943
5321	1166
5322	1232
5323	487
5324	298
5325	298
5326	1067
5327	1076
5328	1389
5329	1311
5330	1247
5331	1315
5332	1243
5333	1122
5334	570
5335	1189
5336	1299
5337	1261
5338	318
5339	271
5340	412
5341	4
5342	1029
5343	151
5344	772
5345	467
5346	190
5347	52
5348	395
5349	816
5350	365
5351	53
5352	442
5353	612
5354	442
5355	612
5356	111
5357	442
5358	442
5359	716
5360	466
5361	550
5362	442
5363	627
5364	466
5365	192
5366	816
5367	74
5368	550
5369	365
5370	604
5371	762
5372	449
5373	2
5374	38
5375	187
5376	762
5377	291
5378	229
5379	187
5380	125
5381	187
5382	976
5383	557
5384	976
5385	670
5386	1404
5387	1043
5388	976
5389	472
5390	25
5391	670
5392	1404
5393	52
5394	472
5395	1071
5396	177
5397	668
5398	653
5399	347
5400	991
5401	28
5402	879
5403	1023
5404	1141
5405	535
5406	28
5407	727
5408	23
5409	1012
5410	516
5411	734
5412	648
5413	1260
5414	1261
5415	1395
5416	999
5417	1147
5418	1148
5419	1053
5420	83
5421	1078
5422	442
5423	825
5424	580
5425	1336
5426	372
5427	400
5428	1038
5429	815
5430	329
5431	1199
5432	1114
5433	1187
5434	923
5435	581
5436	841
5437	405
5438	706
5439	1205
5440	1291
5441	1178
5442	1292
5443	1205
5444	1193
5445	1133
5446	1185
5447	1180
5448	1132
5449	1078
5450	1206
5451	1097
5452	1350
5453	1162
5454	1353
5455	923
5456	1114
5457	1110
5458	1108
5459	1187
5460	1129
5461	528
5462	77
5463	494
5464	494
5465	494
5466	386
5467	714
5468	680
5469	372
5470	293
5471	144
5472	19
5473	494
5474	494
5475	494
5476	372
5477	372
5478	1029
5479	1043
5480	472
5481	899
5482	115
5483	146
5484	849
5485	379
5486	934
5487	702
5488	648
5489	883
5490	16
5491	825
5492	643
5493	603
5494	693
5495	1007
5496	1166
5497	1004
5498	983
5499	706
5500	259
5501	988
5502	1040
5503	1357
5504	144
5505	654
5506	774
5507	1251
5508	626
5509	774
5510	998
5511	693
5512	1148
5513	879
5514	774
5515	166
5516	72
5517	459
5518	81
5519	459
5520	653
5521	255
5522	606
5523	400
5524	1136
5525	498
5526	14
5527	749
5528	19
5529	558
5530	442
5531	491
5532	467
5533	988
5534	1016
5535	1029
5536	192
5537	855
5538	446
5539	558
5540	1016
5541	187
5542	883
5543	115
5544	52
5545	892
5546	52
5547	432
5548	379
5549	276
5550	849
5551	492
5552	379
5553	401
5554	289
5555	934
5556	670
5557	472
5558	1020
5559	670
5560	859
5561	859
5562	352
5563	115
5564	508
5565	331
5566	74
5567	934
5568	328
5569	333
5570	924
5571	924
5572	78
5573	878
5574	192
5575	34
5576	1038
5577	564
5578	946
5579	789
5580	28
5581	509
5582	685
5583	643
5584	994
5585	139
5586	1031
5587	654
5588	773
5589	297
5590	1075
5591	329
5592	603
5593	1090
5594	1127
5595	486
5596	1069
5597	28
5598	1166
5599	1123
5600	697
5601	126
5602	824
5603	1103
5604	829
5605	27
5606	179
5607	990
5608	1340
5609	837
5610	1336
5611	1107
5612	943
5613	1166
5614	698
5615	1007
5616	1090
5617	39
5618	1166
5619	693
5620	580
5621	1160
5622	1007
5623	329
5624	1114
5625	1120
5626	1118
5627	1347
5628	1116
5629	1208
5630	1162
5631	808
5632	1208
5633	1034
5634	1096
5635	1287
5636	798
5637	1006
5638	1102
5639	1283
5640	1350
5641	1108
5642	758
5643	1237
5644	1097
5645	1172
5646	1034
5647	1209
5648	1370
5649	1213
5650	1230
5651	1324
5652	1238
5653	1139
5654	1230
5655	1283
5656	1033
5657	918
5658	1357
5659	1066
5660	1162
5661	1068
5662	1259
5663	1318
5664	1230
5665	1283
5666	906
5667	1283
5668	923
5669	355
5670	648
5671	362
5672	4
5673	317
5674	317
5675	4
5676	648
5677	317
5678	648
5679	990
5680	179
5681	990
5682	517
5683	52
5684	1043
5685	997
5686	1136
5687	663
5688	1174
5689	1053
5690	1270
5691	649
5692	977
5693	1158
5694	933
5695	1284
5696	933
5697	977
5698	1005
5699	1005
5700	1005
5701	645
5702	1140
5703	17
5704	483
5705	495
5706	896
5707	1111
5708	1100
5709	1286
5710	1112
5711	1247
5712	487
5713	1389
5714	1232
5715	1076
5716	1234
5717	1281
5718	1405
5719	1342
5720	1175
5721	1360
5722	1235
5723	1133
5724	1176
5725	1115
5726	1334
5727	1392
5728	1316
5729	695
5730	1363
5731	1180
5732	1400
5733	1206
5734	1366
5735	1228
5736	1375
5737	838
5738	1193
5739	1388
5740	1301
5741	1105
5742	1362
5743	1131
5744	1055
5745	1177
5746	1169
5747	1165
5748	1322
5749	1180
5750	1278
5751	1325
5752	1346
5753	1185
5754	1154
5755	520
5756	377
5757	1063
5758	825
5759	255
5760	1148
5761	1315
5762	1184
5763	1067
5764	1389
5765	298
5766	1122
5767	1156
5768	1196
5769	487
5770	1311
5771	1098
5772	1182
5773	1356
5774	298
5775	1182
5776	1124
5777	1243
5778	1186
5779	755
5780	1232
5781	1076
5782	962
5783	77
5784	339
5785	663
5786	751
5787	1366
5788	1176
5789	801
5790	1199
5791	1008
5792	663
5793	1132
5794	838
5795	1178
5796	1375
5797	1402
5798	1349
5799	1206
5800	1285
5801	1327
5802	1321
5803	1326
5804	768
5805	1133
5806	77
5807	1360
5808	1192
5809	1362
5810	1180
5811	425
5812	1400
5813	1405
5814	1306
5815	241
5816	1210
5817	1241
5818	1226
5819	1059
5820	1055
5821	1322
5822	1280
5823	1281
5824	1292
5825	1363
5826	1291
5827	1242
5828	695
5829	1325
5830	1301
5831	1185
5832	663
5833	1105
5834	1293
5835	1115
5836	1115
5837	1278
5838	1227
5839	1351
5840	1334
5841	1175
5842	1364
5843	1275
5844	764
5845	1245
5846	1408
5847	1193
5848	1152
5849	1198
5850	1202
5851	1295
5852	1228
5853	339
5854	1078
5855	1177
5856	1271
5857	1121
5858	801
5859	1310
5860	1131
5861	42
5862	42
5863	484
5864	1208
5865	1189
5866	1309
5867	1258
5868	1385
5869	1354
5870	1197
5871	1208
5872	1203
5873	1357
5874	1189
5875	1391
5876	1370
5877	1358
5878	1274
5879	1404
5880	1359
5881	1238
5882	1314
5883	1263
5884	1259
5885	1208
5886	1265
5887	1237
5888	1299
5889	1219
5890	179
5891	137
5892	1085
5893	38
5894	951
5895	741
5896	347
5897	648
5898	715
5899	347
5900	282
5901	879
5902	535
5903	769
5904	1004
5905	254
5906	952
5907	1038
5908	815
5909	1160
5910	28
5911	1123
5912	693
5913	1314
5914	1299
5915	1102
5916	1147
5917	1300
5918	1371
5919	736
5920	797
5921	793
5922	311
5923	1002
5924	1002
5925	301
5926	831
5927	675
5928	77
5929	736
5930	714
5931	948
5932	325
5933	679
5934	579
5935	574
5936	1369
5937	46
5938	550
5939	934
5940	491
5941	491
5942	618
5943	291
5944	941
5945	1280
5946	1105
5947	1055
5948	1279
5949	1206
5950	951
5951	299
5952	871
5953	411
5954	524
5955	259
5956	8
5957	1101
5958	4
5959	871
5960	216
5961	137
5962	472
5963	731
5964	877
5965	888
5966	1022
5967	78
5968	574
5969	78
5970	78
5971	574
5972	848
5973	98
5974	301
5975	898
5976	531
5977	218
5978	579
5979	605
5980	706
5981	311
5982	14
5983	19
5984	198
5985	936
5986	313
5987	1022
5988	264
5989	610
5990	376
5991	19
5992	1022
5993	449
5994	210
5995	912
5996	78
5997	949
5998	736
5999	482
6000	452
6001	137
6002	584
6003	931
6004	35
6005	1140
6006	1040
6007	1064
6008	187
6009	976
6010	176
6011	651
6012	74
6013	395
6014	176
6015	209
6016	176
6017	328
6018	976
6019	992
6020	888
6021	147
6022	1208
6023	749
6024	849
6025	437
6026	1405
6027	1048
6028	1137
6029	33
6030	605
6031	478
6032	584
6033	200
6034	584
6035	1051
6036	788
6037	1148
6038	163
6039	536
6040	214
6041	505
6042	536
6043	611
6044	295
6045	868
6046	295
6047	295
6048	4
6049	611
6050	655
6051	681
6052	1279
6053	192
6054	1252
6055	1297
6056	1218
6057	1216
6058	1218
6059	1297
6060	1217
6061	1217
6062	1288
6063	1218
6064	1216
6065	1218
6066	1217
6067	1214
6068	1215
6069	1214
6070	1217
6071	1218
6072	1218
6073	1297
6074	1214
6075	1215
6076	1214
6077	1215
6078	1217
6079	1038
6080	28
6081	298
6082	1146
6083	675
6084	1022
6085	736
6086	731
6087	437
6088	34
6089	976
6090	186
6091	680
6092	395
6093	177
6094	386
6095	395
6096	976
6097	1182
6098	1186
6099	1247
6100	626
6101	868
6102	467
6103	868
6104	868
6105	1205
6106	298
6107	1076
6108	487
6109	298
6110	1247
6111	1243
6112	1182
6113	1389
6114	1182
6115	1067
6116	1232
6117	1364
6118	1115
6119	1228
6120	1199
6121	1137
6122	1165
6123	1185
6124	1193
6125	1226
6126	1322
6127	1346
6128	1325
6129	1180
6130	287
6131	1198
6132	1280
6133	1293
6134	1205
6135	1375
6136	1175
6137	1245
6138	1362
6139	838
6140	241
6141	751
6142	1115
6143	1275
6144	1321
6145	1388
6146	1402
6147	1342
6148	1400
6149	1366
6150	1405
6151	1285
6152	1234
6153	1235
6154	1227
6155	1351
6156	1105
6157	1374
6158	1133
6159	1271
6160	1084
6161	1360
6162	1301
6163	1326
6164	1363
6165	1055
6166	1132
6167	1180
6168	1408
6169	877
6170	877
6171	877
6172	877
6173	157
6174	877
6175	464
6176	1229
6177	1158
6178	272
6179	693
6180	1031
6181	643
6182	5
6183	433
6184	78
6185	1035
6186	442
6187	675
6188	551
6189	321
6190	135
6191	887
6192	111
6193	1071
6194	104
6195	888
6196	618
6197	41
6198	41
6199	670
6200	714
6201	670
6202	1317
6203	825
6204	815
6205	497
6206	274
6207	943
6208	754
6209	685
6210	272
6211	486
6212	1069
6213	1107
6214	1075
6215	329
6216	1031
6217	1090
6218	866
6219	126
6220	693
6221	720
6222	1007
6223	1127
6224	643
6225	773
6226	356
6227	326
6228	490
6229	824
6230	752
6231	580
6232	427
6233	780
6234	297
6235	1166
6236	1123
6237	5
6238	5
6239	325
6240	452
6241	5
6242	1036
6243	452
6244	151
6245	572
6246	852
6247	769
6248	224
6249	274
6250	856
6251	601
6252	698
6253	570
6254	840
6255	400
6256	172
6257	144
6258	887
6259	216
6260	512
6261	1061
6262	1026
6263	115
6264	670
6265	807
6266	825
6267	1095
6268	1218
6269	1216
6270	1297
6271	1214
6272	1218
6273	1216
6274	1288
6275	1215
6276	1214
6277	1218
6278	1297
6279	1215
6280	810
6281	875
6282	1022
6283	268
6284	810
6285	1248
6286	4
6287	611
6288	868
6289	614
6290	254
6291	4
6292	467
6293	151
6294	200
6295	449
6296	1263
6297	931
6298	1200
6299	194
6300	321
6301	512
6302	898
6303	125
6304	328
6305	41
6306	696
6307	432
6308	41
6309	41
6310	379
6311	472
6312	633
6313	528
6314	677
6315	24
6316	905
6317	81
6318	726
6319	653
6320	1049
6321	211
6322	188
6323	484
6324	504
6325	1101
6326	1051
6327	1023
6328	405
6329	567
6330	727
6331	998
6332	726
6333	841
6334	648
6335	459
6336	459
6337	459
6338	67
6339	648
6340	1307
6341	1308
6342	1348
6343	1395
6344	1395
6345	1386
6346	1229
6347	1270
6348	1391
6349	1305
6350	1323
6351	229
6352	270
6353	878
6354	365
6355	426
6356	359
6357	303
6358	429
6359	303
6360	791
6361	731
6362	329
6363	658
6364	825
6365	1069
6366	698
6367	699
6368	654
6369	720
6370	1166
6371	497
6372	356
6373	1007
6374	1031
6375	427
6376	1107
6377	139
6378	580
6379	486
6380	780
6381	946
6382	1127
6383	509
6384	297
6385	643
6386	1051
6387	1022
6388	522
6389	1061
6390	448
6391	1140
6392	482
6393	930
6394	584
6395	579
6396	4
6397	254
6398	706
6399	51
6400	534
6401	154
6402	154
6403	179
6404	829
6405	997
6406	1103
6407	1174
6408	1085
6409	825
6410	272
6411	693
6412	497
6413	126
6414	1166
6415	28
6416	943
6417	654
6418	685
6419	773
6420	509
6421	28
6422	356
6423	1127
6424	1123
6425	297
6426	789
6427	946
6428	1286
6429	1147
6430	1148
6431	295
6432	295
6433	4
6434	5
6435	194
6436	536
6437	365
6438	214
6439	4
6440	194
6441	536
6442	4
6443	116
6444	604
6445	584
6446	653
6447	726
6448	483
6449	600
6450	1025
6451	648
6452	203
6453	653
6454	1126
6455	188
6456	188
6457	831
6458	837
6459	829
6460	1048
6461	727
6462	669
6463	1051
6464	374
6465	952
6466	835
6467	772
6468	785
6469	648
6470	355
6471	208
6472	976
6473	1136
6474	920
6475	597
6476	992
6477	675
6478	1004
6479	815
6480	1031
6481	485
6482	930
6483	679
6484	1283
6485	1069
6486	1336
6487	1025
6488	678
6489	572
6490	1286
6491	194
6492	888
6493	496
6494	899
6495	1299
6496	1189
6497	1203
6498	1263
6499	1309
6500	1208
6501	1370
6502	1238
6503	1354
6504	1314
6505	1189
6506	1263
6507	1016
6508	1016
6509	1016
6510	216
6511	110
6512	1016
6513	270
6514	259
6515	393
6516	110
6517	746
6518	19
6519	177
6520	817
6521	172
6522	35
6523	610
6524	1061
6525	774
6526	386
6527	554
6528	1104
6529	772
6530	825
6531	815
6532	1031
6533	1205
6534	241
6535	1320
6536	1084
6537	1176
6538	1322
6539	1388
6540	1375
6541	1341
6542	1205
6543	1192
6544	1227
6545	751
6546	1137
6547	1105
6548	1316
6549	1408
6550	1374
6551	1292
6552	1245
6553	425
6554	1349
6555	1199
6556	1310
6557	1202
6558	1133
6559	1131
6560	287
6561	1281
6562	1351
6563	1185
6564	1276
6565	1240
6566	1306
6567	1293
6568	1271
6569	1275
6570	1334
6571	1392
6572	1165
6573	1226
6574	1177
6575	1074
6576	1285
6577	1115
6578	1242
6579	1278
6580	1078
6581	1401
6582	1295
6583	1289
6584	1362
6585	1279
6586	1228
6587	1206
6588	1360
6589	1325
6590	1235
6591	1139
6592	1087
6593	1233
6594	1383
6595	1139
6596	336
6597	1101
6598	835
6599	653
6600	841
6601	1022
6602	245
6603	382
6604	601
6605	297
6606	848
6607	179
6608	829
6609	858
6610	235
6611	394
6612	119
6613	648
6614	1030
6615	1101
6616	681
6617	235
6618	235
6619	235
6620	642
6621	1061
6622	466
6623	301
6624	192
6625	291
6626	466
6627	627
6628	627
6629	1314
6630	612
6631	809
6632	446
6633	1090
6634	276
6635	680
6636	837
6637	749
6638	1080
6639	281
6640	831
6641	194
6642	270
6643	416
6644	1016
6645	883
6646	215
6647	321
6648	604
6649	604
6650	187
6651	321
6652	1030
6653	693
6654	780
6655	580
6656	685
6657	1127
6658	1069
6659	486
6660	272
6661	1107
6662	698
6663	946
6664	1166
6665	1090
6666	946
6667	1085
6668	603
6669	945
6670	693
6671	720
6672	427
6673	791
6674	698
6675	1095
6676	697
6677	1189
6678	603
6679	1166
6680	1394
6681	32
6682	693
6683	879
6684	815
6685	856
6686	192
6687	319
6688	1016
6689	512
6690	321
6691	311
6692	602
6693	69
6694	69
6695	550
6696	194
6697	864
6698	1200
6699	627
6700	550
6701	988
6702	194
6703	289
6704	288
6705	498
6706	576
6707	627
6708	371
6709	321
6710	125
6711	604
6712	566
6713	515
6714	442
6715	825
6716	39
6717	693
6718	580
6719	1127
6720	329
6721	1007
6722	274
6723	698
6724	1031
6725	699
6726	1335
6727	1335
6728	1335
6729	1038
6730	875
6731	815
6732	848
6733	949
6734	825
6735	1127
6736	509
6737	697
6738	1107
6739	580
6740	1123
6741	126
6742	497
6743	274
6744	139
6745	685
6746	28
6747	1075
6748	1106
6749	671
6750	1057
6751	774
6752	774
6753	427
6754	905
6755	28
6756	698
6757	720
6758	603
6759	28
6760	774
6761	459
6762	297
6763	516
6764	774
6765	731
6766	30
6767	791
6768	1086
6769	823
6770	680
6771	1048
6772	1048
6773	877
6774	877
6775	1017
6776	1154
6777	1038
6778	946
6779	815
6780	698
6781	773
6782	780
6783	1031
6784	28
6785	1123
6786	654
6787	1330
6788	356
6789	1007
6790	643
6791	946
6792	1090
6793	329
6794	139
6795	28
6796	1095
6797	486
6798	1205
6799	487
6800	1067
6801	1076
6802	298
6803	1315
6804	1247
6805	1182
6806	1389
6807	755
6808	1205
6809	1349
6810	695
6811	1341
6812	1306
6813	838
6814	1228
6815	287
6816	425
6817	1084
6818	1206
6819	1078
6820	1388
6821	1234
6822	1281
6823	1360
6824	1292
6825	1364
6826	1176
6827	1363
6828	1375
6829	241
6830	1279
6831	1362
6832	1280
6833	1202
6834	1192
6835	1115
6836	1276
6837	1351
6838	1241
6839	1185
6840	1271
6841	1301
6842	1240
6843	1285
6844	1327
6845	1165
6846	1355
6847	1235
6848	1198
6849	1169
6850	751
6851	1402
6852	1137
6853	1275
6854	1325
6855	28
6856	752
6857	946
6858	697
6859	497
6860	720
6861	486
6862	789
6863	28
6864	946
6865	1069
6866	1107
6867	1166
6868	1090
6869	356
6870	28
6871	754
6872	297
6873	1007
6874	490
6875	685
6876	1127
6877	126
6878	329
6879	699
6880	427
6881	780
6882	274
6883	326
6884	580
6885	272
6886	509
6887	603
6888	1286
6889	1148
6890	1147
6891	1127
6892	490
6893	643
6894	1090
6895	1069
6896	139
6897	1330
6898	427
6899	1095
6900	1166
6901	28
6902	720
6903	1107
6904	879
6905	580
6906	1390
6907	326
6908	297
6909	1007
6910	329
6911	697
6912	603
6913	693
6914	1075
6915	126
6916	654
6917	1031
6918	946
6919	769
6920	1286
6921	1147
6922	660
6923	372
6924	1076
6925	485
6926	646
6927	416
6928	175
6929	69
6930	671
6931	580
6932	441
6933	1395
6934	1391
6935	1230
6936	1378
6937	1298
6938	1307
6939	1384
6940	1384
6941	1305
6942	1260
6943	1373
6944	1371
6945	1378
6946	1331
6947	1323
6948	1395
6949	1144
6950	1233
6951	1215
6952	774
6953	34
6954	1250
6955	627
6956	175
6957	762
6958	671
6959	848
6960	137
6961	259
6962	871
6963	648
6964	91
6965	848
6966	379
6967	379
6968	883
6969	560
6970	111
6971	472
6972	291
6973	498
6974	1016
6975	271
6976	887
6977	321
6978	512
6979	864
6980	442
6981	46
6982	1016
6983	129
6984	446
6985	2
6986	426
6987	365
6988	612
6989	660
6990	412
6991	446
6992	831
6993	46
6994	883
6995	1358
6996	321
6997	319
6998	558
6999	1244
7000	203
7001	612
7002	576
7003	412
7004	319
7005	612
7006	502
7007	26
7008	53
7009	941
7010	680
7011	176
7012	176
7013	859
7014	493
7015	235
7016	660
7017	74
7018	401
7019	701
7020	74
7021	339
7022	74
7023	738
7024	855
7025	356
7026	466
7027	551
7028	976
7029	115
7030	913
7031	1085
7032	647
7033	815
7034	699
7035	28
7036	272
7037	685
7038	1069
7039	780
7040	943
7041	866
7042	580
7043	697
7044	1166
7045	329
7046	39
7047	1031
7048	1007
7049	643
7050	1107
7051	1305
7052	1170
7053	1337
7054	1328
7055	1038
7056	377
7057	1071
7058	467
7059	69
7060	887
7061	934
7062	837
7063	901
7064	114
7065	194
7066	837
7067	888
7068	498
7069	934
7070	700
7071	851
7072	635
7073	1029
7074	1071
7075	812
7076	560
7077	129
7078	804
7079	560
7080	1063
7081	537
7082	455
7083	661
7084	1016
7085	1311
7086	1247
7087	1122
7088	298
7089	1205
7090	1182
7091	1232
7092	1182
7093	1076
7094	1389
7095	487
7096	1292
7097	1279
7098	1280
7099	1405
7100	1176
7101	1276
7102	1301
7103	241
7104	1291
7105	1349
7106	1185
7107	1360
7108	1131
7109	1084
7110	1199
7111	1192
7112	1205
7113	1271
7114	1169
7115	1245
7116	1363
7117	1281
7118	1177
7119	1326
7120	1055
7121	1355
7122	1293
7123	1206
7124	1374
7125	1175
7126	1133
7127	1402
7128	1366
7129	1198
7130	1306
7131	1334
7132	1392
7133	1408
7134	1228
7135	1226
7136	1388
7137	1285
7138	1327
7139	1078
7140	1227
7141	1362
7142	1240
7143	1325
7144	425
7145	287
7146	1341
7147	1295
7148	1278
7149	1105
7150	838
7151	1260
7152	1407
7153	1203
7154	1371
7155	1230
7156	175
7157	408
7158	183
7159	19
7160	785
7161	898
7162	934
7163	319
7164	4
7165	264
7166	531
7167	848
7168	146
7169	268
7170	208
7171	412
7172	210
7173	809
7174	1022
7175	4
7176	610
7177	1080
7178	610
7179	268
7180	624
7181	311
7182	534
7183	137
7184	678
7185	875
7186	975
7187	210
7188	572
7189	624
7190	232
7191	290
7192	301
7193	218
7194	35
7195	574
7196	1140
7197	960
7198	959
7199	584
7200	311
7201	210
7202	868
7203	621
7204	1340
7205	1335
7206	1340
7207	877
7208	157
7209	702
7210	248
7211	866
7212	1004
7213	1214
7214	531
7215	290
7216	456
7217	1180
7218	1115
7219	1085
7220	989
7221	840
7222	1154
7223	913
7224	815
7225	298
7226	755
7227	1354
7228	1259
7229	1358
7230	1370
7231	1358
7232	1385
7233	1263
7234	551
7235	551
7236	137
7237	621
7238	875
7239	621
7240	591
7241	137
7242	232
7243	741
7244	397
7245	868
7246	680
7247	352
7248	1038
7249	934
7250	107
7251	1075
7252	1069
7253	274
7254	274
7255	1038
7256	509
7257	1127
7258	866
7259	297
7260	720
7261	769
7262	693
7263	1107
7264	1123
7265	356
7266	28
7267	1090
7268	1069
7269	139
7270	580
7271	497
7272	643
7273	698
7274	697
7275	1118
7276	1174
7277	1154
7278	377
7279	815
7280	1075
7281	697
7282	1090
7283	1069
7284	509
7285	356
7286	866
7287	580
7288	643
7289	1107
7290	326
7291	1127
7292	824
7293	28
7294	815
7295	825
7296	1127
7297	1007
7298	780
7299	341
7300	603
7301	778
7302	1111
7303	1112
7304	1076
7305	1247
7306	1182
7307	487
7308	1389
7309	962
7310	1243
7311	298
7312	298
7313	1067
7314	1122
7315	1146
7316	1232
7317	1182
7318	1205
7319	1374
7320	1306
7321	1242
7322	1291
7323	1227
7324	1349
7325	1133
7326	1226
7327	1115
7328	1278
7329	1228
7330	1132
7331	1292
7332	1202
7333	1341
7334	1115
7335	1245
7336	1321
7337	1388
7338	1271
7339	1342
7340	1405
7341	1346
7342	1235
7343	1322
7344	1185
7345	695
7346	1408
7347	1234
7348	1293
7349	1078
7350	1206
7351	1401
7352	1205
7353	1285
7354	751
7355	1334
7356	1402
7357	1114
7358	1110
7359	1353
7360	1174
7361	1162
7362	817
7363	251
7364	636
7365	910
7366	98
7367	819
7368	691
7369	35
7370	736
7371	736
7372	948
7373	541
7374	793
7375	817
7376	313
7377	960
7378	660
7379	68
7380	819
7381	736
7382	268
7383	663
7384	1152
7385	768
7386	1210
7387	801
7388	1059
7389	1121
7390	764
7391	339
7392	1028
7393	801
7394	1008
7395	77
7396	326
7397	643
7398	272
7399	830
7400	602
7401	825
7402	815
7403	591
7404	720
7405	28
7406	772
7407	1205
7408	241
7409	1281
7410	1198
7411	1177
7412	1326
7413	1206
7414	1078
7415	1175
7416	1363
7417	1341
7418	1392
7419	1355
7420	1199
7421	1115
7422	1322
7423	1205
7424	1293
7425	1133
7426	1364
7427	1280
7428	1306
7429	1241
7430	1227
7431	1405
7432	1362
7433	1165
7434	1351
7435	1301
7436	751
7437	1226
7438	1115
7439	1234
7440	1240
7441	1349
7442	1310
7443	1366
7444	1388
7445	1235
7446	1228
7447	1271
7448	287
7449	1285
7450	1291
7451	1131
7452	1402
7453	1408
7454	695
7455	1327
7456	1289
7457	1375
7458	1275
7459	1316
7460	1278
7461	1105
7462	425
7463	1245
7464	1276
7465	1192
7466	1055
7467	626
7468	166
7469	282
7470	129
7471	791
7472	878
7473	496
7474	1002
7475	243
7476	677
7477	812
7478	804
7479	1168
7480	455
7481	1071
7482	772
7483	889
7484	256
7485	500
7486	648
7487	574
7488	1085
7489	989
7490	1154
7491	647
7492	840
7493	1336
7494	831
7495	466
7496	823
7497	195
7498	680
7499	1022
7500	859
7501	976
7502	466
7503	738
7504	959
7505	1030
7506	859
7507	328
7508	328
7509	37
7510	701
7511	825
7512	1031
7513	1160
7514	329
7515	345
7516	643
7517	126
7518	1160
7519	1075
7520	139
7521	1107
7522	685
7523	356
7524	720
7525	427
7526	486
7527	297
7528	654
7529	1127
7530	1007
7531	643
7532	28
7533	697
7534	580
7535	274
7536	1166
7537	28
7538	698
7539	769
7540	824
7541	693
7542	1330
7543	1069
7544	497
7545	314
7546	966
7547	515
7548	1307
7549	1384
7550	1378
7551	1378
7552	377
7553	194
7554	146
7555	98
7556	127
7557	859
7558	859
7559	913
7560	1085
7561	647
7562	773
7563	272
7564	1069
7565	699
7566	824
7567	866
7568	1095
7569	720
7570	1031
7571	685
7572	603
7573	754
7574	490
7575	698
7576	28
7577	1127
7578	1007
7579	345
7580	1090
7581	28
7582	274
7583	946
7584	1075
7585	139
7586	1166
7587	643
7588	509
7589	654
7590	172
7591	28
7592	743
7593	825
7594	815
7595	1095
7596	1086
7597	1023
7598	376
7599	855
7600	412
7601	485
7602	389
7603	172
7604	412
7605	485
7606	367
7607	500
7608	498
7609	1029
7610	1029
7611	989
7612	840
7613	1154
7614	825
7615	272
7616	1075
7617	789
7618	697
7619	329
7620	780
7621	1069
7622	356
7623	946
7624	754
7625	34
7626	404
7627	849
7628	1004
7629	522
7630	831
7631	83
7632	137
7633	311
7634	848
7635	971
7636	38
7637	295
7638	373
7639	214
7640	151
7641	177
7642	868
7643	467
7644	46
7645	317
7646	648
7647	295
7648	494
7649	311
7650	611
7651	111
7652	429
7653	4
7654	524
7655	4
7656	442
7657	393
7658	135
7659	74
7660	173
7661	4
7662	30
7663	837
7664	307
7665	447
7666	305
7667	524
7668	706
7669	612
7670	611
7671	311
7672	706
7673	4
7674	295
7675	78
7676	163
7677	1030
7678	524
7679	295
7680	868
7681	4
7682	572
7683	110
7684	174
7685	512
7686	46
7687	868
7688	110
7689	192
7690	295
7691	259
7692	467
7693	4
7694	317
7695	524
7696	536
7697	2
7698	612
7699	4
7700	494
7701	856
7702	604
7703	125
7704	512
7705	604
7706	619
7707	489
7708	829
7709	27
7710	165
7711	997
7712	165
7713	976
7714	190
7715	31
7716	1043
7717	489
7718	997
7719	489
7720	154
7721	432
7722	489
7723	328
7724	31
7725	881
7726	190
7727	881
7728	881
7729	849
7730	379
7731	190
7732	489
7733	1003
7734	190
7735	136
7736	190
7737	472
7738	881
7739	165
7740	31
7741	976
7742	91
7743	859
7744	186
7745	379
7746	91
7747	91
7748	881
7749	121
7750	379
7751	165
7752	136
7753	489
7754	489
7755	688
7756	97
7757	881
7758	165
7759	190
7760	997
7761	190
7762	165
7763	489
7764	31
7765	472
7766	881
7767	91
7768	881
7769	881
7770	489
7771	489
7772	875
7773	815
7774	697
7775	720
7776	1069
7777	326
7778	1127
7779	699
7780	28
7781	1090
7782	698
7783	274
7784	1031
7785	976
7786	74
7787	631
7788	701
7789	492
7790	52
7791	976
7792	517
7793	976
7794	74
7795	508
7796	352
7797	701
7798	590
7799	328
7800	976
7801	421
7802	976
7803	52
7804	250
7805	492
7806	472
7807	738
7808	1370
7809	976
7810	517
7811	899
7812	899
7813	976
7814	472
7815	680
7816	492
7817	859
7818	680
7819	52
7820	492
7821	21
7822	169
7823	680
7824	859
7825	472
7826	472
7827	37
7828	54
7829	976
7830	176
7831	352
7832	1395
7833	52
7834	74
7835	1154
7836	955
7837	1123
7838	274
7839	946
7840	1160
7841	1296
7842	817
7843	691
7844	35
7845	660
7846	636
7847	68
7848	948
7849	960
7850	541
7851	251
7852	819
7853	736
7854	98
7855	910
7856	311
7857	706
7858	817
7859	736
7860	313
7861	765
7862	819
7863	736
7864	1031
7865	329
7866	788
7867	753
7868	848
7869	643
7870	944
7871	69
7872	604
7873	1156
7874	962
7875	1124
7876	1098
7877	584
7878	584
7879	877
7880	877
7881	840
7882	647
7883	1203
7884	1371
7885	1258
7886	1265
7887	1372
7888	1230
7889	1239
7890	1221
7891	1317
7892	1396
7893	1261
7894	1273
7895	1391
7896	1395
7897	1231
7898	1209
7899	1260
7900	1231
7901	1359
7902	371
7903	498
7904	706
7905	446
7906	431
7907	1029
7908	1029
7909	878
7910	572
7911	431
7912	498
7913	551
7914	498
7915	485
7916	5
7917	431
7918	452
7919	129
7920	966
7921	954
7922	500
7923	347
7924	1286
7925	1100
7926	1148
7927	1112
7928	896
7929	1182
7930	1243
7931	1247
7932	1182
7933	1186
7934	1232
7935	1356
7936	1098
7937	1196
7938	1205
7939	962
7940	1156
7941	1124
7942	1389
7943	1184
7944	1067
7945	1131
7946	1227
7947	1351
7948	1320
7949	1177
7950	1281
7951	838
7952	425
7953	1074
7954	1276
7955	1316
7956	1292
7957	1115
7958	1275
7959	1280
7960	1362
7961	1408
7962	1165
7963	1185
7964	1078
7965	1245
7966	1241
7967	1279
7968	1295
7969	1402
7970	1084
7971	1175
7972	1228
7973	1326
7974	1271
7975	1198
7976	287
7977	1334
7978	1392
7979	1205
7980	1169
7981	1366
7982	1206
7983	1306
7984	1115
7985	1176
7986	1226
7987	1360
7988	1137
7989	241
7990	1301
7991	1291
7992	1374
7993	1278
7994	1401
7995	751
7996	1240
7997	1202
7998	1325
7999	1321
8000	1242
8001	1363
8002	1192
8003	1133
8004	1293
8005	1388
8006	1105
8007	1349
8008	1234
8009	920
8010	1166
8011	1090
8012	28
8013	753
8014	1143
8015	841
8016	208
8017	849
8018	1216
8019	1217
8020	1218
8021	1297
8022	1216
8023	1217
8024	1288
8025	1218
8026	1215
8027	1214
8028	1218
8029	1215
8030	1297
8031	1214
8032	1217
8033	377
8034	946
8035	326
8036	780
8037	697
8038	126
8039	490
8040	753
8041	946
8042	28
8043	580
8044	486
8045	754
8046	699
8047	1166
8048	654
8049	1127
8050	1069
8051	943
8052	272
8053	685
8054	603
8055	693
8056	1107
8057	297
8058	1075
8059	866
8060	28
8061	509
8062	1031
8063	329
8064	169
8065	854
8066	492
8067	345
8068	19
8069	1064
8070	245
8071	624
8072	305
8073	727
8074	857
8075	572
8076	482
8077	983
8078	408
8079	78
8080	1022
8081	1022
8082	875
8083	653
8084	882
8085	1043
8086	169
8087	979
8088	976
8089	976
8090	186
8091	200
8092	899
8093	859
8094	680
8095	1123
8096	1304
8097	1260
8098	1022
8099	1022
8100	1336
8101	946
8102	693
8103	946
8104	326
8105	1095
8106	1166
8107	1075
8108	1007
8109	720
8110	139
8111	943
8112	1069
8113	1127
8114	126
8115	1107
8116	356
8117	490
8118	28
8119	580
8120	486
8121	840
8122	647
8123	989
8124	490
8125	356
8126	946
8127	1075
8128	643
8129	1095
8130	497
8131	780
8132	1107
8133	824
8134	326
8135	580
8136	139
8137	654
8138	329
8139	28
8140	274
8141	1166
8142	789
8143	603
8144	1127
8145	697
8146	28
8147	509
8148	1069
8149	866
8150	943
8151	693
8152	1104
8153	497
8154	980
8155	1020
8156	898
8157	76
8158	52
8159	680
8160	52
8161	493
8162	626
8163	726
8164	282
8165	815
8166	825
8167	580
8168	626
8169	196
8170	892
8171	734
8172	1314
8173	19
8174	408
8175	670
8176	551
8177	398
8178	809
8179	551
8180	455
8181	551
8182	740
8183	129
8184	812
8185	77
8186	455
8187	835
8188	727
8189	347
8190	727
8191	600
8192	731
8193	828
8194	991
8195	1101
8196	720
8197	1166
8198	1127
8199	643
8200	1107
8201	356
8202	824
8203	1095
8204	490
8205	685
8206	329
8207	1031
8208	486
8209	272
8210	580
8211	903
8212	772
8213	254
8214	223
8215	693
8216	882
8217	37
8218	976
8219	899
8220	19
8221	147
8222	976
8223	1337
8224	1211
8225	1173
8226	653
8227	347
8228	1153
8229	771
8230	877
8231	741
8232	535
8233	575
8234	222
8235	535
8236	726
8237	648
8238	1012
8239	944
8240	535
8241	34
8242	1197
8243	730
8244	466
8245	146
8246	52
8247	436
8248	14
8249	494
8250	889
8251	233
8252	494
8253	571
8254	229
8255	111
8256	291
8257	550
8258	74
8259	146
8260	494
8261	169
8262	177
8263	1145
8264	1250
8265	743
8266	1136
8267	356
8268	564
8269	1383
8270	1022
8271	764
8272	5
8273	624
8274	5
8275	830
8276	898
8277	602
8278	975
8279	83
8280	111
8281	1061
8282	38
8283	1286
8284	1247
8285	1067
8286	1232
8287	1122
8288	755
8289	1182
8290	1389
8291	1182
8292	1243
8293	1076
8294	298
8295	1311
8296	487
8297	1245
8298	1175
8299	1078
8300	1408
8301	1185
8302	1388
8303	1226
8304	1342
8305	1038
8306	825
8307	976
8308	325
8309	722
8310	430
8311	903
8312	1147
8313	778
8314	1148
8315	1111
8316	896
8317	1112
8318	495
8319	921
8320	999
8321	668
8322	1335
8323	1340
8324	591
8325	245
8326	621
8327	848
8328	268
8329	773
8330	1336
8331	1086
8332	1384
8333	1378
8334	1352
8335	1236
8336	1373
8337	1384
8338	1307
8339	1395
8340	1368
8341	1254
8342	1250
8343	1407
8344	1343
8345	626
8346	558
8347	289
8348	1020
8349	321
8350	849
8351	330
8352	183
8353	446
8354	534
8355	210
8356	793
8357	856
8358	579
8359	648
8360	386
8361	976
8362	421
8363	857
8364	1140
8365	848
8366	1022
8367	879
8368	268
8369	875
8370	672
8371	858
8372	858
8373	858
8374	858
8375	1136
8376	78
8377	192
8378	868
8379	291
8380	882
8381	165
8382	815
8383	451
8384	1166
8385	1160
8386	1041
8387	1336
8388	680
8389	152
8390	848
8391	905
8392	734
8393	484
8394	758
8395	1114
8396	1129
8397	1144
8398	1110
8399	1211
8400	730
8401	1162
8402	843
8403	1102
8404	1097
8405	1096
8406	1047
8407	452
8408	5
8409	1047
8410	1369
8411	5
8412	5
8413	5
8414	5
8415	1126
8416	1047
8417	5
8418	5
8419	5
8420	656
8421	5
8422	329
8423	603
8424	752
8425	1284
8426	884
8427	386
8428	348
8429	1385
8430	1286
8431	896
8432	1148
8433	1147
8434	1137
8435	648
8436	336
8437	672
8438	991
8439	998
8440	54
8441	899
8442	1083
8443	1383
8444	1371
8445	1083
8446	1219
8447	1233
8448	1283
8449	989
8450	1154
8451	647
8452	1209
8453	1332
8454	1337
8455	1209
8456	1302
8457	1329
8458	1258
8459	1239
8460	1273
8461	1209
8462	1231
8463	1328
8464	1231
8465	1209
8466	1209
8467	1372
8468	1239
8469	1332
8470	1201
8471	1329
8472	1329
8473	1396
8474	879
8475	946
8476	1090
8477	946
8478	1069
8479	326
8480	1166
8481	685
8482	866
8483	1031
8484	780
8485	486
8486	329
8487	697
8488	356
8489	1315
8490	1311
8491	1389
8492	298
8493	1182
8494	1122
8495	298
8496	1076
8497	1182
8498	726
8499	566
8500	626
8501	484
8502	188
8503	726
8504	569
8505	188
8506	726
8507	188
8508	1047
8509	854
8510	185
8511	494
8512	2
8513	350
8514	452
8515	1126
8516	671
8517	1038
8518	274
8519	326
8520	1107
8521	1166
8522	866
8523	580
8524	139
8525	1075
8526	824
8527	28
8528	1090
8529	28
8530	509
8531	943
8532	654
8533	697
8534	643
8535	603
8536	720
8537	356
8538	1095
8539	1148
8540	55
8541	899
8542	352
8543	54
8544	647
8545	1038
8546	825
8547	697
8548	356
8549	824
8550	946
8551	1095
8552	699
8553	1031
8554	1123
8555	773
8556	754
8557	643
8558	789
8559	580
8560	486
8561	297
8562	693
8563	1394
8564	1314
8565	1274
8566	1189
8567	1309
8568	1261
8569	1189
8570	28
8571	1160
8572	1166
8573	697
8574	693
8575	329
8576	255
8577	508
8578	1358
8579	1208
8580	1203
8581	1263
8582	554
8583	442
8584	31
8585	1404
8586	921
8587	896
8588	1148
8589	1286
8590	1147
8591	365
8592	1026
8593	831
8594	700
8595	436
8596	64
8597	110
8598	1016
8599	110
8600	1026
8601	1016
8602	41
8603	479
8604	115
8605	1020
8606	976
8607	1020
8608	322
8609	815
8610	825
8611	603
8612	685
8613	769
8614	1107
8615	994
8616	1330
8617	720
8618	1127
8619	580
8620	28
8621	126
8622	272
8623	693
8624	773
8625	946
8626	1069
8627	654
8628	643
8629	1095
8630	274
8631	780
8632	1007
8633	459
8634	715
8635	1101
8636	841
8637	890
8638	609
8639	407
8640	734
8641	282
8642	211
8643	566
8644	459
8645	726
8646	1186
8647	1175
8648	1150
8649	1178
8650	764
8651	10
8652	371
8653	118
8654	118
8655	1154
8656	487
8657	1185
8658	1227
8659	1323
8660	1230
8661	1283
8662	1395
8663	1305
8664	1283
8665	737
8666	1163
8667	1336
8668	431
8669	78
8670	907
8671	536
8672	467
8673	431
8674	979
8675	979
8676	178
8677	325
8678	5
8679	214
8680	4
8681	408
8682	655
8683	706
8684	505
8685	8
8686	931
8687	467
8688	971
8689	151
8690	311
8691	1026
8692	572
8693	936
8694	611
8695	4
8696	524
8697	1052
8698	317
8699	4
8700	311
8701	153
8702	4
8703	861
8704	467
8705	641
8706	467
8707	971
8708	4
8709	317
8710	307
8711	240
8712	975
8713	4
8714	489
8715	165
8716	688
8717	688
8718	91
8719	489
8720	91
8721	165
8722	688
8723	165
8724	688
8725	688
8726	514
8727	489
8728	91
8729	31
8730	31
8731	1003
8732	31
8733	91
8734	165
8735	165
8736	489
8737	97
8738	623
8739	31
8740	881
8741	489
8742	31
8743	489
8744	31
8745	881
8746	489
8747	489
8748	214
8749	514
8750	1038
8751	427
8752	356
8753	1107
8754	685
8755	697
8756	272
8757	274
8758	580
8759	866
8760	497
8761	789
8762	1095
8763	329
8764	1007
8765	486
8766	773
8767	28
8768	603
8769	509
8770	943
8771	720
8772	490
8773	28
8774	1031
8775	643
8776	1069
8777	326
8778	754
8779	1190
8780	823
8781	661
8782	1328
8783	1274
8784	179
8785	328
8786	322
8787	371
8788	681
8789	1205
8790	1098
8791	1146
8792	1311
8793	1182
8794	1232
8795	298
8796	1156
8797	1124
8798	1196
8799	1389
8800	1247
8801	962
8802	487
8803	755
8804	1182
8805	1243
8806	1184
8807	1356
8808	1205
8809	1364
8810	1366
8811	1105
8812	1291
8813	1177
8814	1374
8815	1133
8816	1206
8817	1198
8818	1185
8819	1295
8820	287
8821	1289
8822	1349
8823	1281
8824	1400
8825	425
8826	751
8827	1360
8828	1362
8829	1175
8830	1279
8831	1401
8832	1228
8833	1285
8834	1327
8835	1280
8836	1078
8837	1245
8838	1405
8839	1306
8840	1074
8841	1275
8842	1375
8843	1240
8844	1276
8845	1227
8846	1351
8847	1202
8848	1226
8849	1115
8850	1322
8851	1084
8852	1292
8853	1176
8854	1326
8855	1402
8856	1199
8857	1293
8858	1301
8859	1169
8860	1325
8861	1235
8862	241
8863	1334
8864	1392
8865	838
8866	1165
8867	1241
8868	1310
8869	377
8870	825
8871	699
8872	1107
8873	780
8874	1031
8875	643
8876	698
8877	1166
8878	1127
8879	1090
8880	693
8881	39
8882	1069
8883	1007
8884	274
8885	603
8886	697
8887	446
8888	127
8889	110
8890	311
8891	4
8892	4
8893	110
8894	431
8895	524
8896	971
8897	502
8898	976
8899	54
8900	479
8901	74
8902	489
8903	976
8904	31
8905	165
8906	489
8907	52
8908	303
8909	386
8910	976
8911	31
8912	976
8913	115
8914	1030
8915	492
8916	74
8917	328
8918	421
8919	126
8920	1075
8921	643
8922	1090
8923	274
8924	789
8925	329
8926	946
8927	1107
8928	427
8929	1095
8930	297
8931	580
8932	943
8933	866
8934	685
8935	603
8936	654
8937	28
8938	824
8939	697
8940	28
8941	1069
8942	497
8943	272
8944	1007
8945	1166
8946	720
8947	509
8948	877
8949	226
8950	377
8951	825
8952	815
8953	1299
8954	1252
8955	1299
8956	879
8957	825
8958	789
8959	1075
8960	139
8961	1069
8962	643
8963	1123
8964	1031
8965	754
8966	603
8967	509
8968	1090
8969	654
8970	329
8971	274
8972	486
8973	697
8974	490
8975	28
8976	943
8977	297
8978	1095
8979	664
8980	1224
8981	119
8982	697
8983	681
8984	85
8985	53
8986	421
8987	670
8988	176
8989	738
8990	52
8991	1030
8992	680
8993	177
8994	508
8995	386
8996	738
8997	472
8998	472
8999	492
9000	680
9001	186
9002	328
9003	395
9004	976
9005	738
9006	169
9007	472
9008	52
9009	1071
9010	209
9011	472
9012	209
9013	976
9014	379
9015	329
9016	1031
9017	643
9018	126
9019	879
9020	866
9021	1123
9022	685
9023	720
9024	509
9025	824
9026	693
9027	754
9028	574
9029	627
9030	1147
9031	1286
9032	245
9033	448
9034	621
9035	152
9036	1336
9037	1111
9038	1112
9039	495
9040	1100
9041	778
9042	896
9043	1122
9044	962
9045	1389
9046	487
9047	1186
9048	1124
9049	1247
9050	1243
9051	1098
9052	1067
9053	1146
9054	1232
9055	1315
9056	1182
9057	755
9058	1184
9059	1076
9060	1196
9061	1156
9062	1311
9063	298
9064	298
9065	1210
9066	287
9067	1165
9068	768
9069	1355
9070	1228
9071	1276
9072	764
9073	663
9074	1227
9075	1084
9076	1199
9077	1185
9078	751
9079	1279
9080	1055
9081	1115
9082	801
9083	1280
9084	1306
9085	1078
9086	1241
9087	1177
9088	1289
9089	1133
9090	1121
9091	801
9092	1405
9093	838
9094	241
9095	1322
9096	1293
9097	1152
9098	1240
9099	1334
9100	1392
9101	77
9102	1325
9103	1291
9104	1235
9105	1349
9106	1206
9107	1226
9108	339
9109	425
9110	1375
9111	1131
9112	1169
9113	1326
9114	663
9115	1316
9116	1275
9117	1245
9118	1320
9119	1271
9120	1105
9121	1028
9122	1366
9123	1360
9124	1202
9125	1408
9126	1364
9127	1341
9128	77
9129	1401
9130	1074
9131	1374
9132	695
9133	1175
9134	1115
9135	1362
9136	1402
9137	1198
9138	1121
9139	339
9140	1270
9141	245
9142	932
9143	1022
9144	1296
9145	1388
9146	305
9147	706
9148	75
9149	706
9150	1061
9151	525
9152	258
9153	1336
9154	1340
9155	815
9156	825
9157	28
9158	1090
9159	1031
9160	859
9161	668
9162	1126
9163	856
9164	693
9165	28
9166	23
9167	945
9168	28
9169	752
9170	1090
9171	856
9172	948
9173	648
9174	522
9175	98
9176	1000
9177	251
9178	1163
9179	948
9180	355
9181	610
9182	648
9183	648
9184	772
9185	854
9186	23
9187	329
9188	28
9189	866
9190	994
9191	1031
9192	297
9193	693
9194	356
9195	509
9196	603
9197	126
9198	654
9199	1107
9200	486
9201	824
9202	780
9203	685
9204	699
9205	497
9206	28
9207	754
9208	1069
9209	1090
9210	1123
9211	789
9212	1127
9213	139
9214	643
9215	326
9216	274
9217	720
9218	693
9219	728
9220	1031
9221	114
9222	817
9223	664
9224	817
9225	359
9226	793
9227	608
9228	831
9229	183
9230	736
9231	525
9232	183
9233	1013
9234	830
9235	817
9236	1052
9237	819
9238	579
9239	153
9240	793
9241	714
9242	817
9243	1002
9244	610
9245	610
9246	311
9247	819
9248	916
9249	1202
9250	313
9251	534
9252	608
9253	330
9254	311
9255	714
9256	1012
9257	1052
9258	819
9259	1071
9260	934
9261	888
9262	934
9263	38
9264	749
9265	1020
9266	115
9267	115
9268	533
9269	533
9270	849
9271	115
9272	677
9273	198
9274	389
9275	551
9276	793
9277	793
9278	1252
9279	1299
9280	1299
9281	989
9282	840
9283	1154
9284	668
9285	1075
9286	1031
9287	698
9288	484
9289	653
9290	459
9291	1049
9292	556
9293	504
9294	788
9295	407
9296	905
9297	459
9298	504
9299	456
9300	484
9301	211
9302	1022
9303	835
9304	788
9305	314
9306	653
9307	515
9308	726
9309	1229
9310	1287
9311	1236
9312	1203
9313	1283
9314	1380
9315	1224
9316	1391
9317	1092
9318	1260
9319	1318
9320	1259
9321	1230
9322	1332
9323	1283
9324	918
9325	1114
9326	1352
9327	1370
9328	1034
9329	1006
9330	1224
9331	1144
9332	1391
9333	1068
9334	1308
9335	581
9336	1391
9337	1361
9338	798
9339	1230
9340	1213
9341	1244
9342	1213
9343	1034
9344	1307
9345	1208
9346	1283
9347	918
9348	1368
9349	1066
9350	1283
9351	1148
9352	1147
9353	1182
9354	487
9355	1243
9356	1315
9357	1182
9358	1247
9359	1311
9360	1076
9361	1185
9362	1175
9363	1178
9364	1388
9365	1133
9366	1180
9367	1228
9368	1193
9369	1226
9370	1115
9371	1235
9372	1245
9373	831
9374	1026
9375	815
9376	825
9377	685
9378	693
9379	1090
9380	1031
9381	39
9382	720
9383	1069
9384	580
9385	1127
9386	1166
9387	1007
9388	643
9389	699
9390	698
9391	780
9392	1038
9393	39
9394	1107
9395	1031
9396	274
9397	697
9398	329
9399	1069
9400	1090
9401	780
9402	698
9403	1127
9404	693
9405	943
9406	824
9407	685
9408	643
9409	1007
9410	699
9411	526
9412	555
9413	144
9414	634
9415	365
9416	192
9417	447
9418	34
9419	321
9420	682
9421	680
9422	270
9423	52
9424	701
9425	558
9426	494
9427	1250
9428	74
9429	61
9430	680
9431	194
9432	373
9433	386
9434	498
9435	442
9436	146
9437	144
9438	749
9439	791
9440	1307
9441	74
9442	127
9443	104
9444	492
9445	319
9446	192
9447	416
9448	627
9449	442
9450	494
9451	759
9452	903
9453	931
9454	1080
9455	177
9456	526
9457	319
9458	887
9459	74
9460	35
9461	571
9462	144
9463	146
9464	34
9465	498
9466	10
9467	635
9468	738
9469	373
9470	612
9471	270
9472	21
9473	173
9474	69
9475	1163
9476	680
9477	623
9478	74
9479	151
9480	466
9481	61
9482	53
9483	146
9484	2
9485	215
9486	941
9487	494
9488	116
9489	604
9490	177
9491	291
9492	53
9493	146
9494	125
9495	177
9496	976
9497	831
9498	1340
9499	1071
9500	714
9501	359
9502	401
9503	681
9504	934
9505	723
9506	1314
9507	1314
9508	350
9509	653
9510	715
9511	1059
9512	1152
9513	715
9514	877
9515	715
9516	183
9517	386
9518	386
9519	259
9520	1261
9521	1260
9522	1395
9523	1025
9524	5
9525	792
9526	5
9527	325
9528	1047
9529	1136
9530	74
9531	74
9532	1389
9533	1243
9534	1182
9535	1232
9536	1247
9537	1315
9538	1388
9539	1180
9540	1115
9541	1180
9542	1115
9543	1226
9544	1405
9545	1185
9546	1245
9547	1368
9548	1229
9549	1258
9550	1229
9551	1352
9552	1236
9553	400
9554	359
9555	245
9556	295
9557	282
9558	612
9559	78
9560	214
9561	362
9562	952
9563	405
9564	1030
9565	70
9566	1030
9567	952
9568	166
9569	681
9570	979
9571	70
9572	111
9573	211
9574	151
9575	727
9576	560
9577	118
9578	887
9579	1252
9580	975
9581	389
9582	215
9583	604
9584	680
9585	31
9586	352
9587	489
9588	276
9589	499
9590	74
9591	489
9592	1043
9593	121
9594	701
9595	903
9596	701
9597	489
9598	165
9599	190
9600	245
9601	701
9602	165
9603	165
9604	726
9605	41
9606	849
9607	14
9608	887
9609	735
9610	373
9611	177
9612	385
9613	321
9614	526
9615	2
9616	338
9617	1016
9618	69
9619	883
9620	627
9621	228
9622	622
9623	166
9624	1407
9625	144
9626	144
9627	681
9628	669
9629	386
9630	492
9631	835
9632	372
9633	185
9634	19
9635	492
9636	512
9637	494
9638	646
9639	194
9640	412
9641	177
9642	1
9643	372
9644	494
9645	899
9646	169
9647	489
9648	738
9649	1044
9650	472
9651	176
9652	680
9653	772
9654	405
9655	734
9656	496
9657	496
9658	815
9659	1148
9660	1286
9661	1147
9662	16
9663	1254
9664	1145
9665	1253
9666	1250
9667	1153
9668	1256
9669	341
9670	157
9671	464
9672	157
9673	877
9674	726
9675	466
9676	466
9677	670
9678	74
9679	322
9680	292
9681	859
9682	322
9683	859
9684	859
9685	1030
9686	1332
9687	1209
9688	743
9689	1048
9690	240
9691	656
9692	572
9693	1047
9694	5
9695	278
9696	740
9697	455
9698	655
9699	1047
9700	431
9701	463
9702	1063
9703	397
9704	317
9705	397
9706	536
9707	536
9708	536
9709	1286
9710	731
9711	404
9712	10
9713	1296
9714	1336
9715	1148
9716	74
9717	1283
9718	1213
9719	1283
9720	1299
9721	1108
9722	1230
9723	1230
9724	1382
9725	1287
9726	1213
9727	580
9728	1146
9729	1156
9730	1392
9731	1349
9732	1276
9733	1366
9734	355
9735	857
9736	1140
9737	1086
9738	208
9739	680
9740	1263
9741	1407
9742	610
9743	1005
9744	199
9745	1296
9746	1296
9747	1174
9748	591
9749	621
9750	268
9751	448
9752	825
9753	603
9754	1390
9755	580
9756	329
9757	685
9758	920
9759	52
9760	192
9761	291
9762	313
9763	571
9764	576
9765	747
9766	985
9767	289
9768	681
9769	386
9770	829
9771	899
9772	74
9773	987
9774	990
9775	493
9776	179
9777	661
9778	379
9779	1370
9780	1238
9781	1328
9782	1357
9783	1208
9784	1391
9785	1260
9786	1371
9787	1229
9788	1357
9789	1259
9790	1354
9791	1302
9792	1208
9793	1337
9794	1208
9795	1154
9796	647
9797	1182
9798	1355
9799	1322
9800	1242
9801	1291
9802	1245
9803	825
9804	815
9805	580
9806	1090
9807	643
9808	603
9809	799
9810	1368
9811	1125
9812	1283
9813	1317
9814	1340
9815	1283
9816	1343
9817	1229
9818	1236
9819	1352
9820	1230
9821	1258
9822	1372
9823	1284
9824	1396
9825	1239
9826	1260
9827	1396
9828	1203
9829	1391
9830	1331
9831	1371
9832	1261
9833	1407
9834	1395
9835	214
9836	467
9837	467
9838	317
9839	73
9840	1030
9841	1148
9842	1286
9843	1389
9844	1315
9845	1311
9846	298
9847	1247
9848	298
9849	755
9850	799
9851	728
9852	1189
9853	1208
9854	1357
9855	1357
9856	1259
9857	1347
9858	1208
9859	1208
9860	1237
9861	1263
9862	1354
9863	930
9864	840
9865	989
9866	720
9867	345
9868	815
9869	1286
9870	1147
9871	1111
9872	1112
9873	1100
9874	495
9875	921
9876	1203
9877	1110
9878	1350
9879	923
9880	1162
9881	758
9882	581
9883	1108
9884	1129
9885	737
9886	737
9887	525
9888	194
9889	849
9890	533
9891	1407
9892	1095
9893	866
9894	780
9895	1090
9896	126
9897	427
9898	326
9899	274
9900	754
9901	1107
9902	1069
9903	720
9904	509
9905	654
9906	773
9907	139
9908	329
9909	1166
9910	643
9911	1123
9912	1007
9913	1127
9914	1031
9915	685
9916	486
9917	943
9918	356
9919	994
9920	1075
9921	946
9922	1060
9923	1038
9924	1090
9925	634
9926	176
9927	386
9928	395
9929	701
9930	395
9931	74
9932	176
9933	176
9934	1110
9935	1097
9936	1395
9937	1114
9938	1260
9939	457
9940	877
9941	1340
9942	572
9943	91
9944	165
9945	489
9946	190
9947	667
9948	610
9949	579
9950	584
9951	1061
9952	452
9953	175
9954	764
9955	1350
9956	1385
9957	738
9958	186
9959	490
9960	580
9961	773
9962	685
9963	946
9964	866
9965	28
9966	1075
9967	274
9968	1031
9969	994
9970	754
9971	780
9972	720
9973	329
9974	1127
9975	126
9976	654
9977	1107
9978	1007
9979	326
9980	1166
9981	1022
9982	785
9983	908
9984	977
9985	865
9986	1005
9987	977
9988	366
9989	1005
9990	1019
9991	229
9992	166
9993	494
9994	680
9995	74
9996	610
9997	289
9998	243
9999	46
10000	291
10001	74
10002	558
10003	492
10004	442
10005	705
10006	146
10007	934
10008	46
10009	19
10010	1030
10011	429
10012	871
10013	281
10014	1029
10015	321
10016	887
10017	494
10018	386
10019	386
10020	749
10021	53
10022	111
10023	124
10024	194
10025	135
10026	70
10027	146
10028	187
10029	472
10030	235
10031	997
10032	270
10033	997
10034	328
10035	136
10036	701
10037	379
10038	681
10039	472
10040	681
10041	235
10042	997
10043	997
10044	701
10045	357
10046	849
10047	680
10048	179
10049	680
10050	379
10051	1096
10052	1221
10053	621
10054	220
10055	1086
10056	603
10057	608
10058	1022
10059	731
10060	764
10061	1096
10062	1321
10063	1028
10064	890
10065	188
10066	515
10067	835
10068	484
10069	437
10070	1051
10071	7
10072	1101
10073	648
10074	34
10075	404
10076	1136
10077	329
10078	643
10079	720
10080	274
10081	697
10082	356
10083	1127
10084	326
10085	1069
10086	621
10087	372
10088	386
10089	972
10090	165
10091	136
10092	854
10093	166
10094	442
10095	270
10096	135
10097	146
10098	372
10099	19
10100	1064
10101	555
10102	466
10103	512
10104	494
10105	373
10106	61
10107	61
10108	291
10109	1016
10110	321
10111	146
10112	187
10113	146
10114	372
10115	116
10116	494
10117	61
10118	61
10119	146
10120	53
10121	881
10122	243
10123	1314
10124	899
10125	243
10126	41
10127	603
10128	1057
10129	490
10130	720
10131	580
10132	1007
10133	587
10134	759
10135	1205
10136	1285
10137	1327
10138	1205
10139	1278
10140	1245
10141	1202
10142	1241
10143	1275
10144	1235
10145	1115
10146	1131
10147	1226
10148	1326
10149	1199
10150	1401
10151	1084
10152	1360
10153	1234
10154	1366
10155	1240
10156	1055
10157	287
10158	1281
10159	1228
10160	1408
10161	1074
10162	1364
10163	1279
10164	1295
10165	1363
10166	1320
10167	1405
10168	1271
10169	1242
10170	1206
10171	1280
10172	1185
10173	1310
10174	1316
10175	1322
10176	1289
10177	1198
10178	1349
10179	1291
10180	1388
10181	1105
10182	1293
10183	1334
10184	1169
10185	1374
10186	838
10187	1175
10188	1165
10189	1177
10190	1227
10191	695
10192	1301
10193	1355
10194	1375
10195	1321
10196	1192
10197	1341
10198	1276
10199	1133
10200	1306
10201	817
10202	817
10203	311
10204	198
10205	78
10206	960
10207	574
10208	574
10209	706
10210	1369
10211	19
10212	817
10213	534
10214	936
10215	183
10216	936
10217	764
10218	210
10219	975
10220	736
10221	574
10222	574
10223	574
10224	311
10225	975
10226	817
10227	264
10228	146
10229	83
10230	198
10231	622
10232	706
10233	14
10234	153
10235	706
10236	313
10237	1336
10238	1286
10239	1147
10240	1148
10241	1311
10242	1182
10243	298
10244	1389
10245	1067
10246	1232
10247	1122
10248	1182
10249	1076
10250	487
10251	831
10252	144
10253	34
10254	173
10255	146
10256	185
10257	19
10258	379
10259	72
10260	1029
10261	694
10262	194
10263	270
10264	373
10265	144
10266	887
10267	144
10268	176
10269	175
10270	146
10271	35
10272	115
10273	70
10274	41
10275	667
10276	1172
10277	843
10278	1384
10279	1118
10280	635
10281	52
10282	229
10283	28
10284	1143
10285	1394
10286	815
10287	318
10288	28
10289	1004
10290	272
10291	693
10292	1127
10293	1069
10294	1085
10295	28
10296	515
10297	326
10298	282
10299	282
10300	7
10301	280
10302	329
10303	1030
10304	1397
10305	1409
10306	692
10307	1314
10308	1260
10309	51
10310	655
10311	77
10312	77
10313	149
10314	338
10315	1038
10316	150
10317	199
10318	565
10319	199
10320	1003
10321	489
10322	489
10323	31
10324	489
10325	165
10326	31
10327	31
10328	489
10329	165
10330	489
10331	489
10332	165
10333	31
10334	31
10335	489
10336	1003
10337	489
10338	31
10339	489
10340	31
10341	31
10342	165
10343	91
10344	489
10345	489
10346	28
10347	685
10348	698
10349	1031
10350	799
10351	699
10352	1007
10353	1127
10354	1069
10355	643
10356	97
10357	165
10358	489
10359	136
10360	314
10361	1038
10362	580
10363	1031
10364	773
10365	603
10366	580
10367	274
10368	28
10369	946
10370	497
10371	28
10372	329
10373	654
10374	427
10375	1095
10376	126
10377	643
10378	272
10379	1007
10380	326
10381	1123
10382	1160
10383	1166
10384	720
10385	866
10386	1090
10387	754
10388	699
10389	139
10390	1127
10391	1069
10392	780
10393	1075
10394	356
10395	685
10396	1353
10397	1239
10398	1248
10399	1189
10400	1174
10401	1197
10402	785
10403	329
10404	648
10405	1156
10406	1098
10407	1122
10408	1292
10409	1279
10410	697
10411	1038
10412	1221
10413	1317
10414	1344
10415	1331
10416	1302
10417	1353
10418	1270
10419	1407
10420	1260
10421	1395
10422	1203
10423	1371
10424	1328
10425	1391
10426	1337
10427	840
10428	186
10429	680
10430	1175
10431	329
10432	773
10433	28
10434	754
10435	126
10436	697
10437	1107
10438	603
10439	274
10440	326
10441	1151
10442	1090
10443	427
10444	139
10445	824
10446	780
10447	1143
10448	497
10449	866
10450	643
10451	1123
10452	580
10453	1031
10454	1007
10455	943
10456	356
10457	451
10458	28
10459	509
10460	685
10461	1101
10462	835
10463	991
10464	835
10465	734
10466	504
10467	998
10468	1051
10469	954
10470	1101
10471	504
10472	986
10473	959
10474	336
10475	1099
10476	15
10477	892
10478	791
10479	715
10480	347
10481	566
10482	211
10483	1017
10484	1197
10485	1209
10486	1329
10487	1230
10488	1329
10489	1332
10490	749
10491	1061
10492	426
10493	512
10494	319
10495	888
10496	371
10497	319
10498	934
10499	934
10500	46
10501	627
10502	555
10503	837
10504	491
10505	405
10506	188
10507	282
10508	857
10509	835
10510	835
10511	211
10512	668
10513	998
10514	67
10515	459
10516	788
10517	726
10518	81
10519	1147
10520	356
10521	780
10522	720
10523	789
10524	1007
10525	1095
10526	126
10527	603
10528	486
10529	28
10530	297
10531	1069
10532	272
10533	643
10534	697
10535	1090
10536	699
10537	866
10538	497
10539	23
10540	274
10541	28
10542	326
10543	773
10544	427
10545	946
10546	685
10547	769
10548	509
10549	404
10550	646
10551	52
10552	179
10553	997
10554	129
10555	551
10556	574
10557	812
10558	38
10559	1168
10560	551
10561	558
10562	1101
10563	828
10564	407
10565	653
10566	83
10567	484
10568	504
10569	282
10570	347
10571	835
10572	651
10573	336
10574	600
10575	405
10576	1051
10577	672
10578	504
10579	966
10580	314
10581	405
10582	791
10583	653
10584	801
10585	764
10586	77
10587	1059
10588	339
10589	339
10590	1028
10591	77
10592	663
10593	801
10594	663
10595	1152
10596	1121
10597	825
10598	28
10599	1148
10600	1162
10601	1087
10602	1139
10603	1162
10604	1139
10605	1138
10606	272
10607	1239
10608	1248
10609	1273
10610	1396
10611	1380
10612	1304
10613	913
10614	840
10615	989
10616	427
10617	643
10618	685
10619	946
10620	603
10621	654
10622	509
10623	1127
10624	139
10625	1107
10626	699
10627	1031
10628	1095
10629	356
10630	693
10631	879
10632	1166
10633	28
10634	28
10635	866
10636	297
10637	789
10638	497
10639	773
10640	326
10641	311
10642	467
10643	1336
10644	1061
10645	1061
10646	1064
10647	301
10648	1061
10649	731
10650	70
10651	648
10652	648
10653	565
10654	54
