,cluster_id,Amount,brand_y
0,1040,21,nikon
1,6076,19,canon
2,6443,25,canon
3,6505,16,apple
4,6690,20,cisco
5,7366,17,canon
6,9046,21,amd
7,14418,25,panasonic
8,16617,19,ubiquiti
9,18640,49,sony
10,23343,18,sony
11,28307,36,hp
12,31649,20,hikvision
13,32592,16,western digital
14,33570,16,nikon
15,35876,25,hp
16,37409,28,samsung
17,39040,17,intel
18,45122,26,canon
19,51314,17,apple
20,55262,16,asus
21,56116,24,apple
22,59131,16,canon
23,59744,17,samsung
24,60591,18,canon
25,65412,21,canon
26,68127,17,ubiquiti
27,81537,22,canon
28,84143,17,western digital
29,94055,20,gopro
30,99153,29,asus
31,102179,21,nikon
32,118048,18,samsung
33,131092,29,gopro
34,138313,17,nikon
35,141225,24,nikon
36,143178,21,nikon
37,144134,20,canon
38,144446,27,gopro
39,144625,19,nikon
40,149870,16,sony
41,150211,47,lg electronics
42,153965,16,
43,167029,19,nikon
44,171234,19,canon
45,172208,17,amd
46,175891,18,canon
47,177630,27,nikon
48,179929,16,canon
49,182246,16,plantronics
50,187372,23,samsung
51,187983,19,hikvision
52,192122,18,ubiquiti
53,197396,30,intel
54,200188,16,canon
55,201669,16,xiaomi
56,202726,16,nikon
57,208851,34,nikon
58,211698,18,gopro
59,213315,18,canon
60,215254,16,canon
61,216453,17,samsung
62,222939,18,nikon
63,224590,16,sony
64,236124,18,hp
65,238935,43,
66,244025,119,canon
67,246990,51,samsung
68,251884,34,gopro
69,262287,16,apple
70,263377,17,canon
71,272947,16,amd
72,281761,24,gopro
73,286604,16,intel
74,309625,61,
75,311408,16,amd
76,311889,56,
77,312273,24,western digital
78,316284,21,canon
79,323368,69,
80,324185,19,western digital
81,331076,25,canon
82,336149,20,sony
83,346249,16,lenovo
84,350379,18,samsung
85,357897,17,sony
86,366975,17,sony
87,370941,33,
88,377198,17,samsung
89,395671,22,canon
90,397340,19,apple
91,405527,16,canon
92,417279,23,amd
93,430136,16,nikon
94,454837,18,
95,469648,64,samsung
96,485512,17,nikon
97,491900,38,
98,503388,17,western digital
99,509165,46,samsung
100,510345,17,western digital
101,515456,18,cisco
102,516888,17,asus
103,526181,16,ubiquiti
104,532824,16,canon
105,541658,32,western digital
106,547730,17,
107,549556,20,western digital
108,552110,25,gopro
109,553509,16,western digital
110,554860,22,lenovo
111,562955,23,cisco
112,570054,17,ubiquiti
113,589118,19,sony
114,589459,17,western digital
115,590113,21,canon
116,591684,16,asus
117,593420,71,
118,600823,17,canon
119,617064,18,asus
120,620473,74,
121,623318,24,sony
122,625719,22,western digital
123,636016,18,asus
124,649938,16,sony
125,678357,119,canon
126,685416,27,amd
127,704991,35,nikon
128,718959,36,canon
129,719434,16,canon
130,730377,27,canon
131,733504,25,gopro
132,740038,39,sony
133,758572,23,canon
134,767463,17,canon
135,771969,20,western digital
136,773766,22,ubiquiti
137,779562,17,intel
138,784315,22,amd
139,788533,17,ubiquiti
140,797707,33,nikon
141,823674,20,canon
142,830362,17,panasonic
143,835420,30,amd
144,836946,32,sony
145,848041,25,sony
146,863679,25,gopro
147,872388,19,apple
148,878031,24,hikvision
149,884374,18,samsung
150,887937,32,nikon
151,894987,21,nikon
152,918378,18,western digital
153,932920,31,gopro
154,936098,22,nikon
155,941003,26,canon
156,948163,19,intel
157,971411,16,asus
158,984421,19,intel
159,1001446,19,apple
160,1006110,33,sony
161,1022934,16,sony
162,1025263,17,
163,1063839,26,sony
164,1092304,64,samsung
165,1107237,36,sony
166,1116960,68,samsung
167,1133869,18,intel
168,1163590,16,cisco
169,1163995,29,canon
170,1164258,20,samsung
171,1187164,33,canon
172,1223297,21,apple
173,1257145,27,sony
174,1282518,27,samsung
175,1306208,23,intel
176,1317579,69,samsung
177,1341098,56,
178,1367307,26,
179,1375374,19,samsung
180,1381570,38,apple
181,1403844,19,nikon
182,1414015,16,gopro
183,1415387,19,nikon
184,1417835,25,canon
185,1437369,23,canon
186,1447785,18,apple
187,1453810,25,sony
188,1477658,19,
189,1506131,26,western digital
190,1508334,16,gopro
191,1519317,27,sony
192,1523866,141,canon
193,1524820,95,sony
194,1543882,62,sony
195,1544267,21,sony
196,1546279,27,canon
197,1558512,17,gopro
198,1563825,17,sony
199,1563974,20,apple
200,1566090,177,canon
201,1579130,31,sony
202,1603832,56,samsung
203,1609881,68,samsung
204,1617106,20,nikon
205,1617128,17,nikon
206,1622075,24,panasonic
207,1627512,16,
208,1634380,31,gopro
209,1672862,21,intel
210,1673941,17,asus
211,1683932,16,gopro
212,1738768,60,canon
213,1757424,17,ubiquiti
214,1774915,36,nikon
215,1791162,17,ubiquiti
216,1808651,16,intel
217,1819249,24,hikvision
218,1830341,19,
219,1850486,28,intel
220,1874288,71,
221,1895164,17,canon
222,1916266,20,
223,1961922,25,sony
224,1972757,36,canon
225,1979763,23,sony
226,2047025,17,nikon
227,2072877,58,samsung
228,2101461,23,gopro
229,2108868,16,intel
230,2210413,17,canon
231,2235363,16,gopro
232,2241022,27,
233,2294669,39,nikon
234,2299744,37,sony
235,2305980,23,panasonic
236,2313137,34,
237,2374515,17,canon
238,2434654,46,nikon
239,2456244,55,nikon
240,2472326,34,sony
241,2480780,16,sony
242,2587857,17,canon
243,2621903,33,
244,2737923,46,sony
245,2751278,28,asus
246,2767770,17,nikon
247,2799276,22,canon
248,2810685,34,gopro
249,2825229,24,hikvision
250,2841516,18,canon
251,2843033,39,sony
252,2848082,29,asus
253,2859551,21,apple
254,2887810,23,sony
255,3133321,130,canon
256,3196849,20,canon
257,3200360,58,samsung
258,3239788,17,
259,3295040,35,canon
260,3329047,24,canon
261,3387000,69,lg electronics
262,3455275,24,samsung
263,3555009,77,
264,3654815,58,samsung
265,3756053,59,samsung
266,3777752,16,apple
267,4044656,16,samsung
268,4097992,26,lg electronics
269,4153509,39,samsung
270,4244020,59,samsung
271,4265712,16,
272,4336479,58,samsung
273,4442607,63,samsung
274,4494482,83,samsung
275,4703691,17,
276,4710012,49,
277,4770774,35,
278,4984787,33,samsung
279,5085382,60,samsung
280,5087625,31,samsung
281,5096113,70,
282,5327857,56,
283,5390827,18,gopro
284,5417991,35,samsung
285,5564902,32,
286,5763017,16,
287,5991733,37,lg electronics
288,6360172,63,samsung
289,6518891,60,samsung
290,6813704,67,
291,7470275,26,
292,7627158,40,samsung
293,7634048,68,
294,7915272,55,
295,7950390,40,
296,7999424,21,
297,8038292,32,
298,8344921,76,
299,8346889,67,
300,8465389,67,
301,8919941,23,lg electronics
302,9247611,70,samsung
303,9247616,73,samsung
304,9542224,73,
305,9815695,27,
306,13489629,48,
307,14023385,32,
308,14023411,32,
309,14040553,61,
310,14744313,33,
311,17259988,66,
312,17260023,64,
313,18582393,58,
314,19237527,64,
315,19237530,74,
316,22374888,19,apple
317,22374889,16,dell
318,22374893,17,sony
319,22374900,18,sony
320,22374911,16,dell
321,22374915,16,panasonic
322,22374917,17,samsung
323,22374918,16,samsung
324,23571287,72,
325,23571303,73,
326,24151972,57,
327,24151974,74,
328,26037737,76,
329,28526191,58,
330,28738402,70,
331,30761228,50,
332,30761262,43,samsung
333,30762035,46,
334,31546467,81,
335,32668301,69,
336,33836444,74,
337,34506054,21,
338,34506056,22,
339,34506058,18,samsung
340,34506065,16,
341,35789968,42,
342,37318510,50,sony
343,38004635,38,samsung
344,38004808,31,samsung
345,39329070,30,
346,40404494,61,samsung
347,41286468,53,
348,41451454,45,
349,41983895,58,samsung
350,42279065,70,
351,42728479,50,
352,43056307,66,
353,43057512,48,samsung
354,44767092,63,
355,45806390,17,sony
356,45808710,19,
357,46210013,49,
358,46210020,50,
359,47194986,72,samsung
360,47218391,52,
361,47219459,57,samsung
362,47373698,49,
363,47841827,18,
364,48051979,17,samsung
365,50018029,58,
366,50071753,24,samsung
367,50977907,47,
368,52362093,21,
369,52409061,68,
370,53406099,47,
371,53457772,62,samsung
372,54288624,19,
373,54478063,35,samsung
374,54478079,41,samsung
375,54954636,74,
376,55515086,57,
377,55515206,52,
378,55655126,45,
379,55655206,44,samsung
380,57370701,63,
381,58897472,43,samsung
382,58912934,51,samsung
383,58912954,46,
384,59845599,27,
385,61604040,69,lg electronics
386,62035721,18,
387,62715247,50,
388,63025237,55,samsung
389,63025251,53,
390,64269499,52,
391,64286017,58,
392,64468223,17,
393,65676094,60,
394,66276948,56,
395,66277366,57,
396,66614987,55,
397,66666310,61,
398,69987107,54,
399,70100210,61,
400,72784310,71,
401,72848323,79,
402,73288709,64,
403,76643198,33,
404,76869259,43,
405,76869317,60,
406,78260404,80,
407,79512161,16,
408,80097153,60,samsung
409,80097161,37,samsung
